0.016667 0.000000
0.050000 0.000000
0.083333 0.000000
0.116667 0.000000
0.150000 0.000000
0.183333 0.000000
0.216667 0.000000
0.250000 0.000000
0.283333 5.000000
0.316667 56.000000
0.350000 101.000000
0.383333 125.000000
0.416667 151.000000
0.450000 94.000000
0.483333 47.000000
0.516667 67.000000
0.550000 148.000000
0.583333 191.000000
0.616667 220.000000
0.650000 267.000000
0.683333 280.000000
0.716667 271.000000
0.750000 291.000000
0.783333 310.000000
0.816667 292.000000
0.850000 285.000000
0.883333 325.000000
0.916667 294.000000
0.950000 286.000000
0.983333 287.000000
1.016667 272.000000
1.050000 300.000000
1.083333 285.000000
1.116667 304.000000
1.150000 289.000000
1.183333 325.000000
1.216667 300.000000
1.250000 295.000000
1.283333 298.000000
1.316667 347.000000
1.350000 332.000000
1.383333 288.000000
1.416667 297.000000
1.450000 277.000000
1.483333 308.000000
1.516667 286.000000
1.550000 277.000000
1.583333 302.000000
1.616667 309.000000
1.650000 307.000000
1.683333 283.000000
1.716667 336.000000
1.750000 277.000000
1.783333 270.000000
1.816667 239.000000
1.850000 254.000000
1.883333 230.000000
1.916667 235.000000
1.950000 235.000000
1.983333 217.000000
2.016667 198.000000
2.050000 209.000000
2.083333 207.000000
2.116667 196.000000
2.150000 183.000000
2.183333 167.000000
2.216667 196.000000
2.250000 181.000000
2.283333 196.000000
2.316667 172.000000
2.350000 172.000000
2.383333 156.000000
2.416667 166.000000
2.450000 143.000000
2.483333 175.000000
2.516667 150.000000
2.550000 122.000000
2.583333 143.000000
2.616667 143.000000
2.650000 133.000000
2.683333 125.000000
2.716667 120.000000
2.750000 153.000000
2.783333 125.000000
2.816667 106.000000
2.850000 97.000000
2.883333 111.000000
2.916667 106.000000
2.950000 111.000000
2.983333 133.000000
3.016667 94.000000
3.050000 88.000000
3.083333 92.000000
3.116667 72.000000
3.150000 81.000000
3.183333 82.000000
3.216667 71.000000
3.250000 77.000000
3.283333 67.000000
3.316667 65.000000
3.350000 53.000000
3.383333 50.000000
3.416667 43.000000
3.450000 50.000000
3.483333 51.000000
3.516667 32.000000
3.550000 35.000000
3.583333 49.000000
3.616667 39.000000
3.650000 30.000000
3.683333 40.000000
3.716667 45.000000
3.750000 46.000000
3.783333 44.000000
3.816667 25.000000
3.850000 38.000000
3.883333 22.000000
3.916667 22.000000
3.950000 25.000000
3.983333 18.000000
4.016667 17.000000
4.050000 21.000000
4.083333 24.000000
4.116667 18.000000
4.150000 14.000000
4.183333 16.000000
4.216667 22.000000
4.250000 16.000000
4.283333 9.000000
4.316667 15.000000
4.350000 12.000000
4.383333 11.000000
4.416667 7.000000
4.450000 12.000000
4.483333 11.000000
4.516667 11.000000
4.550000 8.000000
4.583333 12.000000
4.616667 6.000000
4.650000 5.000000
4.683333 7.000000
4.716667 4.000000
4.750000 4.000000
4.783333 5.000000
4.816667 7.000000
4.850000 4.000000
4.883333 4.000000
4.916667 3.000000
4.950000 2.000000
4.983333 3.000000
