0.016667 0.000000
0.050000 0.000000
0.083333 0.000000
0.116667 0.000000
0.150000 0.000000
0.183333 0.000000
0.216667 0.000000
0.250000 0.000000
0.283333 10.000000
0.316667 58.000000
0.350000 99.000000
0.383333 145.000000
0.416667 112.000000
0.450000 86.000000
0.483333 67.000000
0.516667 67.000000
0.550000 146.000000
0.583333 184.000000
0.616667 207.000000
0.650000 240.000000
0.683333 238.000000
0.716667 267.000000
0.750000 290.000000
0.783333 281.000000
0.816667 312.000000
0.850000 292.000000
0.883333 301.000000
0.916667 284.000000
0.950000 300.000000
0.983333 294.000000
1.016667 296.000000
1.050000 295.000000
1.083333 313.000000
1.116667 312.000000
1.150000 264.000000
1.183333 286.000000
1.216667 287.000000
1.250000 311.000000
1.283333 337.000000
1.316667 310.000000
1.350000 304.000000
1.383333 271.000000
1.416667 295.000000
1.450000 276.000000
1.483333 288.000000
1.516667 308.000000
1.550000 257.000000
1.583333 281.000000
1.616667 292.000000
1.650000 254.000000
1.683333 292.000000
1.716667 318.000000
1.750000 290.000000
1.783333 275.000000
1.816667 242.000000
1.850000 260.000000
1.883333 253.000000
1.916667 232.000000
1.950000 234.000000
1.983333 218.000000
2.016667 202.000000
2.050000 206.000000
2.083333 204.000000
2.116667 188.000000
2.150000 182.000000
2.183333 190.000000
2.216667 193.000000
2.250000 181.000000
2.283333 193.000000
2.316667 180.000000
2.350000 175.000000
2.383333 152.000000
2.416667 165.000000
2.450000 148.000000
2.483333 187.000000
2.516667 150.000000
2.550000 133.000000
2.583333 127.000000
2.616667 147.000000
2.650000 130.000000
2.683333 141.000000
2.716667 127.000000
2.750000 115.000000
2.783333 128.000000
2.816667 128.000000
2.850000 117.000000
2.883333 110.000000
2.916667 104.000000
2.950000 94.000000
2.983333 108.000000
3.016667 86.000000
3.050000 105.000000
3.083333 77.000000
3.116667 66.000000
3.150000 84.000000
3.183333 88.000000
3.216667 74.000000
3.250000 71.000000
3.283333 63.000000
3.316667 48.000000
3.350000 69.000000
3.383333 53.000000
3.416667 48.000000
3.450000 59.000000
3.483333 55.000000
3.516667 42.000000
3.550000 38.000000
3.583333 42.000000
3.616667 45.000000
3.650000 34.000000
3.683333 38.000000
3.716667 49.000000
3.750000 43.000000
3.783333 30.000000
3.816667 29.000000
3.850000 36.000000
3.883333 17.000000
3.916667 25.000000
3.950000 28.000000
3.983333 24.000000
4.016667 13.000000
4.050000 23.000000
4.083333 16.000000
4.116667 19.000000
4.150000 17.000000
4.183333 19.000000
4.216667 17.000000
4.250000 17.000000
4.283333 11.000000
4.316667 14.000000
4.350000 12.000000
4.383333 8.000000
4.416667 15.000000
4.450000 14.000000
4.483333 10.000000
4.516667 10.000000
4.550000 6.000000
4.583333 7.000000
4.616667 3.000000
4.650000 1.000000
4.683333 3.000000
4.716667 10.000000
4.750000 4.000000
4.783333 7.000000
4.816667 10.000000
4.850000 8.000000
4.883333 4.000000
4.916667 5.000000
4.950000 3.000000
4.983333 2.000000
