0.016667 0.000000
0.050000 0.000000
0.083333 0.000000
0.116667 0.000000
0.150000 0.000000
0.183333 0.000000
0.216667 0.000000
0.250000 0.000000
0.283333 11.000000
0.316667 45.000000
0.350000 76.000000
0.383333 111.000000
0.416667 132.000000
0.450000 87.000000
0.483333 59.000000
0.516667 67.000000
0.550000 149.000000
0.583333 206.000000
0.616667 219.000000
0.650000 218.000000
0.683333 249.000000
0.716667 276.000000
0.750000 282.000000
0.783333 272.000000
0.816667 285.000000
0.850000 286.000000
0.883333 298.000000
0.916667 301.000000
0.950000 272.000000
0.983333 268.000000
1.016667 291.000000
1.050000 280.000000
1.083333 294.000000
1.116667 331.000000
1.150000 287.000000
1.183333 291.000000
1.216667 287.000000
1.250000 343.000000
1.283333 298.000000
1.316667 341.000000
1.350000 269.000000
1.383333 292.000000
1.416667 295.000000
1.450000 309.000000
1.483333 288.000000
1.516667 256.000000
1.550000 283.000000
1.583333 277.000000
1.616667 258.000000
1.650000 254.000000
1.683333 282.000000
1.716667 303.000000
1.750000 278.000000
1.783333 255.000000
1.816667 221.000000
1.850000 229.000000
1.883333 212.000000
1.916667 233.000000
1.950000 238.000000
1.983333 216.000000
2.016667 207.000000
2.050000 214.000000
2.083333 201.000000
2.116667 196.000000
2.150000 197.000000
2.183333 171.000000
2.216667 183.000000
2.250000 177.000000
2.283333 190.000000
2.316667 144.000000
2.350000 188.000000
2.383333 156.000000
2.416667 143.000000
2.450000 142.000000
2.483333 176.000000
2.516667 139.000000
2.550000 133.000000
2.583333 155.000000
2.616667 127.000000
2.650000 135.000000
2.683333 120.000000
2.716667 105.000000
2.750000 122.000000
2.783333 115.000000
2.816667 94.000000
2.850000 118.000000
2.883333 91.000000
2.916667 93.000000
2.950000 90.000000
2.983333 103.000000
3.016667 95.000000
3.050000 78.000000
3.083333 87.000000
3.116667 70.000000
3.150000 78.000000
3.183333 68.000000
3.216667 79.000000
3.250000 56.000000
3.283333 77.000000
3.316667 54.000000
3.350000 59.000000
3.383333 62.000000
3.416667 47.000000
3.450000 57.000000
3.483333 45.000000
3.516667 41.000000
3.550000 43.000000
3.583333 26.000000
3.616667 39.000000
3.650000 39.000000
3.683333 26.000000
3.716667 46.000000
3.750000 36.000000
3.783333 30.000000
3.816667 35.000000
3.850000 25.000000
3.883333 39.000000
3.916667 25.000000
3.950000 19.000000
3.983333 20.000000
4.016667 19.000000
4.050000 24.000000
4.083333 17.000000
4.116667 15.000000
4.150000 28.000000
4.183333 10.000000
4.216667 18.000000
4.250000 14.000000
4.283333 17.000000
4.316667 22.000000
4.350000 10.000000
4.383333 12.000000
4.416667 12.000000
4.450000 9.000000
4.483333 8.000000
4.516667 10.000000
4.550000 11.000000
4.583333 4.000000
4.616667 7.000000
4.650000 4.000000
4.683333 14.000000
4.716667 10.000000
4.750000 9.000000
4.783333 5.000000
4.816667 8.000000
4.850000 1.000000
4.883333 2.000000
4.916667 1.000000
4.950000 5.000000
4.983333 3.000000
