0.016667 0.000000
0.050000 0.000000
0.083333 0.000000
0.116667 0.000000
0.150000 0.000000
0.183333 0.000000
0.216667 0.000000
0.250000 0.000000
0.283333 13.000000
0.316667 60.000000
0.350000 93.000000
0.383333 149.000000
0.416667 113.000000
0.450000 89.000000
0.483333 62.000000
0.516667 66.000000
0.550000 136.000000
0.583333 183.000000
0.616667 229.000000
0.650000 205.000000
0.683333 248.000000
0.716667 270.000000
0.750000 282.000000
0.783333 285.000000
0.816667 274.000000
0.850000 259.000000
0.883333 327.000000
0.916667 286.000000
0.950000 277.000000
0.983333 324.000000
1.016667 270.000000
1.050000 265.000000
1.083333 279.000000
1.116667 290.000000
1.150000 301.000000
1.183333 287.000000
1.216667 289.000000
1.250000 318.000000
1.283333 310.000000
1.316667 302.000000
1.350000 281.000000
1.383333 280.000000
1.416667 288.000000
1.450000 284.000000
1.483333 302.000000
1.516667 292.000000
1.550000 286.000000
1.583333 299.000000
1.616667 273.000000
1.650000 261.000000
1.683333 294.000000
1.716667 293.000000
1.750000 230.000000
1.783333 255.000000
1.816667 241.000000
1.850000 231.000000
1.883333 250.000000
1.916667 221.000000
1.950000 235.000000
1.983333 232.000000
2.016667 199.000000
2.050000 211.000000
2.083333 192.000000
2.116667 199.000000
2.150000 199.000000
2.183333 182.000000
2.216667 162.000000
2.250000 201.000000
2.283333 173.000000
2.316667 194.000000
2.350000 182.000000
2.383333 170.000000
2.416667 136.000000
2.450000 164.000000
2.483333 188.000000
2.516667 151.000000
2.550000 147.000000
2.583333 111.000000
2.616667 157.000000
2.650000 138.000000
2.683333 113.000000
2.716667 117.000000
2.750000 133.000000
2.783333 96.000000
2.816667 109.000000
2.850000 107.000000
2.883333 126.000000
2.916667 104.000000
2.950000 94.000000
2.983333 120.000000
3.016667 92.000000
3.050000 99.000000
3.083333 82.000000
3.116667 67.000000
3.150000 71.000000
3.183333 66.000000
3.216667 80.000000
3.250000 77.000000
3.283333 82.000000
3.316667 63.000000
3.350000 65.000000
3.383333 62.000000
3.416667 41.000000
3.450000 51.000000
3.483333 47.000000
3.516667 41.000000
3.550000 28.000000
3.583333 41.000000
3.616667 40.000000
3.650000 41.000000
3.683333 41.000000
3.716667 39.000000
3.750000 51.000000
3.783333 30.000000
3.816667 18.000000
3.850000 33.000000
3.883333 28.000000
3.916667 34.000000
3.950000 24.000000
3.983333 25.000000
4.016667 23.000000
4.050000 16.000000
4.083333 16.000000
4.116667 22.000000
4.150000 17.000000
4.183333 16.000000
4.216667 11.000000
4.250000 9.000000
4.283333 12.000000
4.316667 22.000000
4.350000 15.000000
4.383333 14.000000
4.416667 11.000000
4.450000 5.000000
4.483333 7.000000
4.516667 4.000000
4.550000 8.000000
4.583333 10.000000
4.616667 8.000000
4.650000 6.000000
4.683333 9.000000
4.716667 7.000000
4.750000 5.000000
4.783333 1.000000
4.816667 7.000000
4.850000 6.000000
4.883333 8.000000
4.916667 6.000000
4.950000 1.000000
4.983333 4.000000
