18823.460
309.653
18925.434
308.769
19496.897
311.915
18527.118
307.593
19340.599
311.262
19684.399
311.356
19343.256
310.234
19060.561
310.314
19479.504
309.832
18828.586
308.470
18859.339
310.372
18992.814
312.913
18855.929
309.610
19264.035
311.721
19459.340
310.930
18951.601
309.293
18995.484
309.053
18939.983
309.217
19186.455
310.703
19278.999
311.154
18762.501
309.130
19077.606
310.849
18898.680
310.077
18915.831
308.346
19042.678
308.687
18512.348
309.051
18996.443
309.646
19107.526
310.380
19150.405
310.348
19334.159
311.877
19243.159
310.297
19177.122
310.146
19121.722
310.583
18882.915
309.846
19283.639
308.902
19306.434
310.984
19243.223
312.051
18674.146
308.711
19073.909
310.672
19045.784
309.778
19166.459
308.666
19003.882
308.845
18938.244
309.773
19374.739
309.815
18874.450
310.112
19284.038
310.412
19004.411
310.955
18924.859
308.727
18629.858
308.491
19104.836
309.956
18850.823
309.138
18926.066
310.353
19030.065
310.249
19031.756
309.387
18582.383
307.111
18818.440
309.199
19203.376
310.721
19060.106
311.057
18786.928
307.467
19104.327
309.726
19301.802
309.900
18824.056
308.750
18857.157
309.939
18936.672
309.173
18613.304
309.492
18820.697
310.787
19195.239
309.098
19329.624
310.898
19242.387
309.763
18577.757
308.881
19035.838
308.472
19088.332
310.012
19104.559
309.395
19360.092
309.294
18911.695
309.296
19114.639
309.319
18967.020
311.348
18712.763
307.446
19225.644
308.079
18831.744
310.647
18977.132
311.195
19299.370
310.215
19199.012
308.993
18865.950
310.075
19210.026
309.475
18489.752
308.078
19089.818
311.930
19265.102
310.519
18981.898
309.384
18797.971
309.627
19520.548
311.268
18858.762
309.305
18958.226
308.582
19117.017
309.961
19187.687
310.147
18814.386
308.469
18875.033
308.453
18446.672
309.652
19164.324
308.661
19008.237
310.513
18842.250
309.128
18918.573
309.258
19463.360
311.679
18673.192
307.968
19338.793
310.607
18914.709
308.053
19030.312
309.336
19132.121
310.907
19173.534
309.317
19242.059
310.006
19320.174
310.347
18929.621
311.021
18912.241
309.456
19016.606
309.287
19084.330
309.248
18916.896
310.363
19023.655
310.235
19243.515
309.513
19015.622
310.379
19208.100
310.394
18834.142
308.734
19181.140
309.397
19348.919
309.366
18973.079
310.215
18960.961
309.048
18522.716
307.859
18773.285
308.690
19000.761
309.393
18622.392
308.648
18785.991
309.275
18915.589
308.590
18965.118
309.163
18590.935
309.533
18863.596
309.174
19024.522
310.117
19069.413
310.271
18704.522
309.691
19021.640
309.161
18988.171
309.302
18692.088
308.934
19016.127
309.917
19158.809
310.819
19065.653
309.536
19144.312
309.584
19290.039
309.345
18559.598
309.753
18868.587
309.343
19094.575
309.802
18807.301
310.282
18963.599
309.748
18705.181
309.235
19352.746
311.787
19093.411
309.766
18875.426
308.949
19123.835
311.022
19146.784
311.716
18505.142
310.248
18825.066
309.129
18853.157
310.178
18934.733
310.432
19254.854
308.263
19093.489
309.452
19121.796
310.159
19138.817
310.305
18655.160
308.136
19122.312
309.828
18849.143
309.549
18864.678
310.578
18770.580
308.631
18888.910
309.762
19390.206
310.398
19078.333
309.613
19098.973
310.083
18633.554
309.039
18847.624
309.568
19220.860
310.159
18965.228
308.854
18967.955
309.139
19026.440
310.742
19158.811
310.160
19385.410
311.089
19170.217
309.829
19122.279
309.932
18986.202
309.058
18947.417
308.244
18926.121
309.306
19158.318
310.938
18757.168
308.439
18953.377
309.856
18990.737
309.048
19150.317
311.153
19173.646
309.263
18841.189
310.482
19173.678
310.936
18854.276
309.607
18306.975
309.188
19133.659
309.058
18824.220
309.633
18897.560
310.925
19162.177
309.736
19159.871
308.738
19091.261
309.585
18914.191
310.120
18901.605
308.612
18864.649
310.033
19304.395
311.267
19444.224
311.716
19227.859
310.677
19678.662
310.241
19137.021
309.543
19091.329
309.941
18916.257
310.172
19181.188
310.090
18964.610
309.866
19031.702
309.190
19200.789
309.313
19593.735
311.548
19104.501
310.237
18956.632
308.692
19008.288
308.881
19259.951
308.099
19022.517
308.984
19293.513
311.484
18906.371
308.889
19024.448
309.025
18952.497
308.588
18920.926
313.172
19129.514
309.878
18978.620
309.663
19063.418
309.083
18815.982
309.406
19054.315
311.404
18758.050
308.724
19178.026
309.866
19039.747
309.869
19080.939
308.417
18866.090
312.055
19108.302
310.319
19086.072
308.830
18626.539
308.265
19044.724
309.511
18911.164
310.228
18956.330
308.857
19159.757
311.181
18728.881
309.356
19172.726
309.669
19254.553
310.605
19507.147
318.071
19120.951
310.272
19100.727
309.193
18983.287
309.337
18922.873
309.244
19077.872
308.898
18947.626
307.892
18872.501
308.483
18492.404
307.108
18698.533
308.075
19118.999
309.739
19273.553
309.298
18937.209
309.910
19270.070
309.858
19455.818
310.809
18776.825
309.844
19307.214
310.763
19189.147
308.962
19266.550
310.177
18538.258
308.530
18993.482
309.486
19199.381
311.512
18885.119
307.750
19057.775
308.734
18693.537
309.296
19016.093
309.952
19109.912
311.334
19159.474
309.869
19237.416
311.113
19216.092
310.571
18983.390
309.438
19016.095
309.391
19225.688
310.427
18790.290
309.038
18928.695
308.740
18814.499
310.474
19249.522
309.873
18839.157
310.319
18817.109
309.337
18636.269
307.674
18868.406
309.857
19508.154
311.461
19046.928
310.686
18840.479
308.975
18891.378
309.662
19477.569
311.404
19427.148
310.386
19130.349
310.268
19089.636
309.407
19018.185
311.221
19328.018
311.361
18894.256
308.901
19090.239
310.328
19021.680
308.678
18619.543
308.796
19443.945
311.629
19161.264
310.069
19299.192
311.002
19065.438
311.244
19056.886
309.594
18698.466
308.881
19191.738
310.033
19074.982
308.291
19390.252
311.010
19048.514
309.882
19126.113
310.281
19428.139
310.004
18768.183
309.286
18695.737
309.162
19111.377
309.924
19072.481
308.696
19267.683
310.196
18699.976
309.258
19385.207
310.887
19019.273
308.502
18918.865
308.313
18563.625
308.468
18891.458
310.761
19177.551
311.821
18960.358
309.812
19190.797
311.720
19265.790
310.626
19049.792
310.552
18878.057
310.412
19429.004
311.182
19135.106
309.858
19411.147
310.255
19048.150
308.743
19121.756
310.600
19126.186
309.389
19203.823
310.681
18861.870
309.222
19124.543
309.576
18870.716
309.448
19147.339
310.185
18878.600
308.580
19144.117
310.017
19210.916
309.944
19102.466
310.345
18925.911
309.062
19106.391
310.326
18819.291
309.596
19415.784
309.486
18709.204
308.706
19026.707
312.065
18597.969
308.998
18784.581
309.327
18848.033
309.052
18967.031
309.581
18760.404
309.211
18725.226
308.668
19116.044
310.498
18662.888
309.254
19156.114
311.634
18986.049
309.768
19001.444
309.387
18978.417
308.933
18964.562
308.444
18886.656
308.618
18858.646
308.771
19296.356
310.411
18965.505
307.710
18697.080
308.985
18730.066
309.335
19119.763
308.839
18869.700
308.444
18850.647
308.278
18988.364
308.769
18954.055
309.551
18981.146
308.303
18961.279
308.299
18805.557
309.239
19255.466
310.249
19043.704
309.526
18792.900
309.527
19154.192
310.517
18418.575
307.260
19085.088
310.011
18845.787
310.296
19015.917
308.993
19257.913
309.821
19551.096
310.749
18829.690
309.960
19071.702
310.729
19166.728
309.974
19044.471
312.042
18945.869
310.105
18777.162
309.076
19503.623
311.530
18927.989
309.470
19180.889
309.660
19014.339
308.693
18909.478
310.057
18866.777
309.070
19524.912
310.436
18968.689
309.195
19431.240
310.279
19108.851
307.844
19120.605
309.462
19205.162
309.047
19279.038
311.144
19215.822
310.930
18917.250
311.329
19096.640
308.851
18773.030
309.163
19285.252
309.869
18807.783
310.282
18912.918
310.045
19022.435
308.801
18949.384
309.287
19219.249
310.376
18887.178
308.609
19170.450
309.945
19127.219
311.026
18990.794
310.389
19010.000
309.298
19281.822
310.366
19363.057
310.512
18996.343
308.783
19013.846
310.475
19217.023
310.265
18939.831
309.547
19071.243
308.983
19167.403
311.956
19330.995
310.593
19362.660
311.488
19192.781
310.043
19179.624
309.906
19239.744
311.821
18991.096
308.765
19382.529
310.305
19212.357
310.904
18592.076
308.519
19006.461
309.837
19171.617
309.731
19329.691
310.699
18940.512
308.451
18875.165
309.252
18952.044
309.777
18747.288
308.446
19192.553
310.098
19403.897
309.736
18965.583
309.058
18931.165
310.207
18881.089
309.601
18972.333
309.273
19173.429
309.282
19305.549
310.209
18833.652
308.389
18926.280
310.176
19076.055
308.912
18904.313
309.569
19282.128
308.755
18982.400
308.490
19037.605
309.332
18586.447
308.556
19323.224
310.523
19309.640
312.369
19254.552
310.504
19536.603
310.963
18936.848
308.773
18916.845
308.312
19159.549
309.467
19241.690
309.660
18580.157
310.010
19643.149
310.787
18878.678
308.633
19072.948
310.632
18896.527
308.861
19300.979
311.549
19162.151
310.056
19245.476
309.625
19201.029
309.643
19311.619
310.313
19444.988
310.681
18833.771
308.144
19122.389
308.500
19180.408
309.844
19096.337
309.761
18877.586
308.688
19159.123
308.784
18855.261
309.671
19264.245
310.140
19015.256
309.877
18854.654
309.472
18923.591
308.469
19274.732
310.181
19077.171
310.487
18831.603
308.423
18867.664
309.207
18758.737
308.937
19021.037
310.119
19302.085
310.680
18869.545
309.320
19328.914
309.980
19001.867
309.492
19121.738
310.251
19582.314
310.895
19139.899
310.428
19215.797
310.067
19062.698
309.272
19049.097
309.471
19006.928
309.762
19182.235
311.301
19117.035
310.115
19089.360
308.895
19214.864
310.628
18592.463
308.249
19064.382
309.582
19371.855
309.832
18772.774
308.886
19472.713
310.536
19265.305
310.203
19164.969
309.826
19238.390
310.311
19024.348
309.988
19121.113
310.973
18629.686
308.356
18598.074
308.817
19388.826
310.035
18905.304
309.204
19020.049
308.692
18890.708
307.914
19251.818
309.129
19164.078
308.795
19194.845
311.803
19227.062
309.871
19079.842
310.089
19111.505
309.420
18960.831
309.619
19476.171
309.700
19291.225
311.077
19158.076
310.980
18869.238
308.658
18962.171
309.662
19185.199
310.963
19041.347
308.761
19143.313
310.380
18968.393
308.319
18733.366
308.754
18851.760
308.916
19068.793
308.559
19024.056
308.919
18740.681
308.744
19151.073
309.653
18946.229
308.997
18940.117
309.287
19004.759
309.569
18702.352
308.169
19021.830
310.659
19337.154
310.234
19027.825
309.841
19139.636
309.342
18732.296
307.900
18895.960
309.470
18753.880
310.509
18928.396
309.857
18853.122
309.476
19061.071
310.374
18899.912
308.584
19226.610
310.667
19306.884
311.324
18941.882
308.435
18795.779
309.304
18752.797
309.928
19223.095
310.546
19004.765
309.270
18966.276
308.633
18717.549
308.663
18852.113
309.895
19027.014
307.999
18770.358
310.208
19063.943
310.134
18758.259
308.743
18853.092
308.476
19686.925
310.828
19080.928
310.460
18798.637
308.767
19144.892
310.713
18884.361
310.364
18685.363
309.466
19285.961
309.682
18843.420
310.490
18905.897
309.184
19049.151
310.663
18847.848
308.683
18804.334
308.175
19123.934
309.874
19360.942
309.474
18961.799
310.316
19103.335
310.818
19095.480
312.580
19121.454
309.897
18976.813
310.116
19077.711
308.782
19384.812
310.272
19374.493
310.175
18965.799
311.178
18498.177
308.845
18923.559
309.049
19116.749
310.501
19062.605
310.813
18697.597
309.334
19180.283
309.273
19242.858
309.908
19214.516
308.122
18935.873
309.218
19168.457
310.293
18855.420
308.960
18975.781
310.199
18806.838
308.111
19252.143
310.174
19072.413
308.642
19120.218
310.030
18995.248
309.678
19302.340
310.519
19174.978
310.412
18996.477
308.751
18989.523
309.029
18682.665
307.326
19246.306
311.586
19260.600
308.563
18928.432
309.504
19077.461
310.519
18516.562
307.717
19435.055
310.144
18969.722
309.591
18984.550
309.627
18798.405
308.025
18832.952
307.861
19085.747
311.141
18729.455
310.941
19310.811
310.811
19212.483
309.156
19040.349
308.396
18920.852
310.128
19211.159
309.121
19443.218
311.487
19109.228
308.642
19071.691
309.764
19073.296
309.003
19106.480
310.843
18997.466
310.313
19115.915
310.291
19152.367
311.188
19099.688
308.664
19028.468
309.630
18867.528
309.143
19498.484
312.026
18607.944
308.848
19007.060
308.702
19032.637
308.966
18966.033
309.705
19051.109
309.212
18983.190
309.733
18787.924
308.334
19281.686
309.870
18865.641
310.109
19399.280
309.014
19100.488
310.486
19310.700
310.488
19002.509
310.146
19014.528
307.956
18816.657
309.556
19536.226
309.257
19049.304
309.289
18824.216
308.375
19232.683
310.462
19371.453
310.418
19189.115
309.521
19068.609
310.286
19286.737
308.771
18780.219
308.679
19310.328
310.810
19088.605
309.292
19323.623
309.910
18878.296
309.205
19148.157
309.237
19049.865
311.019
18802.072
308.692
19039.960
308.784
18820.421
308.444
18713.552
308.424
18855.392
309.652
19053.103
309.668
19319.937
310.451
19109.373
309.776
18992.105
310.135
18928.959
309.981
19154.923
309.574
18737.363
309.459
18607.612
308.096
18803.598
308.047
18732.987
309.064
18940.705
308.962
18975.296
309.118
19231.835
310.513
18669.640
309.261
19241.103
310.230
18792.049
310.303
18994.306
309.089
19233.081
309.220
18930.480
310.177
18959.294
309.001
19354.157
309.943
19229.267
310.442
19081.819
310.010
19044.682
310.205
18886.477
310.753
18930.430
309.285
19422.464
310.712
19099.074
309.539
19001.410
308.969
18469.455
308.273
18816.468
310.084
18922.863
310.246
19216.580
310.287
18815.570
309.563
19272.407
310.243
19339.124
309.875
19029.192
308.593
19044.517
311.357
19368.421
310.085
18681.357
307.786
19237.878
310.353
19020.635
309.547
18626.518
309.217
18798.407
309.819
19089.194
309.325
19114.414
309.810
19276.296
310.484
19189.155
309.590
19152.723
313.127
19116.041
309.030
19314.167
310.884
19189.410
311.833
19391.921
310.564
18993.491
309.678
18841.968
309.582
19172.031
309.168
19336.641
310.871
19240.707
310.837
19047.237
309.818
19078.188
310.293
18996.763
309.308
18632.201
308.181
19632.425
311.661
19298.688
309.942
18948.759
309.176
19406.388
310.714
19282.011
309.919
19069.539
310.188
19045.648
309.273
19188.975
309.305
18779.766
309.173
19248.223
311.031
19038.965
309.794
18913.195
309.560
19290.981
311.337
19030.088
310.142
18918.455
309.843
18704.163
308.497
19260.176
309.571
19185.517
309.024
19164.416
309.612
19108.938
310.083
18822.476
309.649
19176.253
309.358
19138.958
309.255
18844.100
309.941
19271.964
310.912
19074.979
310.756
18990.436
308.937
18923.706
308.786
19056.032
309.702
19066.749
309.282
19237.888
311.533
19209.110
311.575
18881.638
309.725
18897.683
310.108
19297.188
311.810
19201.707
309.427
18796.485
307.709
19049.678
309.205
18856.347
308.056
18791.221
307.760
18967.132
309.867
19036.773
309.465
19438.379
311.372
18853.778
309.084
18687.020
308.787
19345.620
309.613
18851.382
310.630
19259.845
308.831
19382.169
310.364
19120.695
311.075
19099.833
309.206
18689.664
308.394
19153.501
311.820
19034.888
308.589
19334.144
309.524
19223.474
308.560
18519.099
308.233
18798.972
308.744
19134.207
309.046
18954.933
310.378
19222.093
309.856
19505.239
311.218
18877.646
309.644
19258.229
309.573
18824.479
308.936
18978.734
309.973
19122.912
308.909
19025.625
308.915
19094.540
309.323
18683.647
309.455
19277.311
310.654
18925.090
309.187
18778.942
309.731
19199.269
311.220
19011.293
308.860
19396.174
310.990
18903.092
309.587
18844.453
311.079
18996.679
308.012
19405.736
311.549
19329.495
309.631
19418.841
311.027
19239.890
310.764
19117.103
309.265
19132.105
309.583
19210.404
310.519
19479.529
310.986
18797.200
309.035
19052.930
309.781
19206.188
310.025
19085.402
310.627
19086.376
309.299
18613.067
307.901
18629.320
311.549
18502.005
306.860
18932.659
309.471
18697.282
308.802
18944.850
308.432
18846.623
308.892
18851.167
307.601
18881.265
307.650
19056.951
308.716
19268.962
310.216
19054.209
310.041
19086.132
309.191
18845.697
308.345
19049.744
309.733
19172.421
309.848
19152.865
309.096
18640.479
308.820
19353.547
310.624
19158.371
310.823
18927.286
309.297
18799.971
309.779
19210.032
310.480
18753.768
309.742
18599.956
308.428
18982.421
309.872
19203.479
309.664
19005.436
311.776
18589.242
308.963
19056.677
308.570
19074.358
309.934
19004.047
308.069
18906.649
310.735
19243.508
309.604
19017.797
309.810
19038.573
308.671
19227.147
309.438
18933.648
308.811
18707.812
309.556
19220.089
307.936
19362.640
310.737
18809.122
307.883
18908.258
309.172
19062.860
310.328
19094.380
309.766
18928.533
309.603
18640.610
309.274
19154.959
311.862
18877.250
308.999
19310.919
311.063
19150.988
310.397
18780.453
310.345
19164.890
310.521
18710.790
308.569
19054.730
309.237
18579.881
309.479
18838.944
307.819
19209.785
309.277
19288.542
311.588
19089.113
309.323
19213.770
309.054
19161.540
308.807
18991.349
308.580
18731.229
308.371
19234.237
309.460
19409.069
308.563
18756.237
308.908
18672.710
308.662
18728.926
310.809
19431.289
309.766
19076.530
309.364
18909.138
310.072
18970.746
308.435
19218.721
311.723
19016.014
310.063
19167.184
310.895
19593.569
311.711
18743.093
308.786
18764.903
309.393
18923.637
307.792
19410.763
311.872
19198.354
308.861
18843.705
309.097
19133.597
310.354
19165.876
311.363
18979.139
309.774
18933.811
308.186
19062.366
311.438
19130.005
310.337
19097.296
309.393
19034.900
310.839
19062.000
309.599
19264.578
310.667
19068.829
310.735
19062.331
309.911
18905.247
309.005
19544.782
310.709
18967.000
309.479
18516.265
309.004
18800.286
310.281
18963.345
310.005
19003.870
310.332
18996.076
308.771
18746.768
308.884
18937.000
309.141
19198.304
309.205
18926.308
308.379
18828.081
308.758
19133.678
311.803
18912.477
308.249
19123.126
309.705
18882.040
309.595
19006.047
309.210
19010.261
310.663
19317.373
310.782
19341.398
311.569
18774.810
309.632
18999.469
308.949
18856.709
310.856
18821.637
308.313
19104.252
308.998
19105.590
309.038
18870.074
309.595
19430.016
311.552
18949.776
309.032
19364.070
310.234
19230.369
309.167
19114.687
309.776
19039.960
309.330
18860.503
308.672
19192.942
309.209
19414.124
308.627
18686.173
308.846
18969.125
310.209
18962.928
310.002
18961.493
310.378
18909.711
307.565
18845.786
309.658
19081.778
308.900
19205.252
310.151
19052.394
308.558
19296.086
313.091
19118.588
310.062
19281.134
311.681
19063.498
310.159
19259.289
310.978
19346.699
309.981
18944.488
309.149
19140.866
309.375
18896.110
311.507
19091.203
308.432
19328.677
311.332
19048.767
309.651
19176.113
308.778
19094.591
309.392
