364.252
71.712
365.397
71.699
368.089
71.724
367.055
71.714
358.210
71.709
347.297
71.725
366.269
71.710
346.947
71.730
368.636
71.708
365.041
71.697
370.832
71.706
348.518
71.750
359.420
71.707
358.893
71.715
350.565
71.731
361.836
71.717
355.220
71.701
363.503
71.690
368.800
71.710
367.184
71.726
366.069
71.715
351.060
71.716
367.802
71.718
366.968
71.696
366.399
71.698
371.949
71.708
356.372
71.720
365.334
71.722
357.229
71.704
343.167
71.744
375.249
71.701
356.918
71.707
364.015
71.725
370.887
71.704
351.579
71.711
361.672
71.733
372.231
71.726
360.089
71.711
348.954
71.745
355.478
71.729
361.758
71.703
356.898
71.718
357.054
71.714
359.504
71.703
351.365
71.733
361.680
71.708
352.087
71.733
361.803
71.701
348.137
71.706
358.013
71.708
366.612
71.704
371.800
71.711
372.489
71.701
360.998
71.711
363.596
71.690
364.615
71.693
351.668
71.720
361.583
71.724
348.256
71.720
354.362
71.714
363.878
71.718
371.378
71.700
362.553
71.702
349.338
71.709
372.436
71.704
364.723
71.713
360.856
71.712
356.645
71.709
364.793
71.722
361.891
71.715
359.080
71.728
361.685
71.702
354.781
71.721
360.916
71.709
371.500
71.697
356.250
71.715
362.631
71.720
361.363
71.704
356.503
71.708
360.846
71.719
357.573
71.722
362.834
71.720
357.599
71.698
355.620
71.702
361.465
71.706
372.796
71.705
363.255
71.715
365.838
71.711
362.669
71.703
365.718
71.713
355.004
71.724
356.411
71.716
338.752
71.729
342.688
71.703
354.181
71.722
367.111
71.695
354.136
71.721
365.236
71.708
362.474
71.712
350.755
71.724
363.364
71.700
355.974
71.714
352.052
71.718
346.361
71.733
364.566
71.717
357.543
71.727
345.810
71.719
361.162
71.707
376.345
71.710
359.502
71.705
342.215
71.722
365.653
71.709
356.825
71.711
371.075
71.709
363.547
71.716
358.547
71.708
352.057
71.716
344.875
71.731
359.653
71.706
365.724
71.701
367.829
71.691
361.856
71.690
366.464
71.715
355.317
71.722
366.524
71.706
378.488
71.692
358.913
71.721
366.432
71.707
359.477
71.710
359.747
71.720
372.862
71.694
361.985
71.710
359.794
71.702
350.120
71.725
361.374
71.712
364.288
71.724
366.672
71.710
358.643
71.708
355.332
71.715
369.415
71.706
353.738
71.710
371.520
71.707
351.837
71.716
361.989
71.719
351.026
71.709
366.997
71.714
359.704
71.717
362.252
71.719
340.508
71.713
366.356
71.717
373.758
71.702
364.538
71.732
350.117
71.709
371.919
71.703
371.643
71.726
356.461
71.738
364.396
71.692
356.168
71.723
368.418
71.714
351.893
71.726
372.227
71.700
369.019
71.700
366.266
71.688
373.975
71.714
354.361
71.700
361.947
71.712
360.276
71.724
375.408
71.706
362.470
71.711
360.936
71.716
355.188
71.710
364.644
71.699
355.685
71.731
365.926
71.718
359.141
71.713
364.935
71.711
354.426
71.726
379.217
71.686
359.962
71.706
363.076
71.720
372.242
71.707
344.975
71.711
354.198
71.709
351.531
71.718
367.825
71.698
350.590
71.719
374.200
71.708
371.742
71.676
353.994
71.722
349.069
71.725
354.363
71.721
359.858
71.716
366.273
71.717
365.827
71.710
368.063
71.731
360.988
71.718
349.198
71.704
360.784
71.726
364.513
71.704
356.900
71.704
365.382
71.702
346.339
71.719
359.234
71.718
353.506
71.696
357.746
71.716
355.701
71.719
354.916
71.728
356.269
71.721
369.054
71.703
370.993
71.710
357.709
71.713
373.606
71.693
368.145
71.691
357.269
71.708
372.564
71.706
351.738
71.724
370.015
71.692
355.900
71.717
360.712
71.703
363.835
71.713
377.080
71.694
375.564
71.694
357.135
71.716
368.936
71.686
374.849
71.684
354.330
71.717
341.323
71.747
357.318
71.709
357.037
71.710
359.015
71.722
361.611
71.711
368.931
71.720
359.801
71.708
365.988
71.706
345.872
71.719
367.085
71.698
358.492
71.711
362.677
71.732
352.250
71.695
359.407
71.701
366.578
71.695
369.485
71.720
361.847
71.710
356.379
71.725
366.726
71.711
358.715
71.717
356.511
71.723
370.881
71.743
354.456
71.726
352.232
71.725
355.482
71.720
354.637
71.692
361.226
71.708
362.416
71.706
369.381
71.674
353.951
71.699
349.083
71.726
366.364
71.704
357.942
71.712
347.167
71.725
367.492
71.692
356.598
71.728
362.717
71.709
356.260
71.700
352.782
71.719
358.262
71.728
362.645
71.708
372.456
71.708
362.207
71.707
363.798
71.687
357.089
71.704
368.098
71.699
371.665
71.704
366.440
71.705
349.998
71.709
361.651
71.714
354.581
71.695
371.565
71.705
361.764
71.679
355.640
71.719
364.654
71.715
371.361
71.689
364.173
71.716
364.071
71.718
351.008
71.725
366.187
71.683
364.391
71.707
339.627
71.723
369.943
71.715
350.404
71.734
359.737
71.708
366.557
71.705
360.092
71.695
356.243
71.722
355.327
71.726
352.196
71.719
366.062
71.706
347.640
71.737
366.044
71.706
354.053
71.721
369.498
71.686
364.776
71.704
360.738
71.734
366.451
71.709
346.779
71.730
348.698
71.731
355.018
71.705
347.872
71.728
351.838
71.703
368.560
71.698
367.603
71.722
370.844
71.707
369.171
71.704
363.718
71.719
365.689
71.712
354.444
71.703
356.882
71.740
364.986
71.716
357.848
71.706
361.093
71.706
350.173
71.712
356.084
71.713
361.942
71.697
342.114
71.727
364.789
71.702
359.299
71.735
358.287
71.698
367.476
71.702
358.370
71.716
357.592
71.724
356.206
71.702
364.503
71.729
380.817
71.708
355.994
71.718
350.387
71.707
358.036
71.728
351.295
71.696
347.075
71.713
353.294
71.710
360.315
71.696
358.837
71.713
364.273
71.714
371.063
71.690
337.967
71.730
358.841
71.714
363.381
71.722
357.115
71.722
354.207
71.723
361.575
71.710
354.721
71.723
364.222
71.708
364.351
71.711
364.877
71.712
372.490
71.701
363.266
71.710
364.300
71.696
358.031
71.704
366.627
71.703
355.980
71.713
367.183
71.702
367.447
71.704
343.747
71.723
369.988
71.701
352.657
71.734
375.739
71.706
360.471
71.700
348.332
71.723
363.178
71.702
349.421
71.727
371.805
71.697
366.814
71.701
355.807
71.723
368.001
71.701
356.251
71.704
355.778
71.708
356.753
71.709
363.170
71.705
357.889
71.707
365.705
71.714
350.474
71.720
352.931
71.697
365.689
71.707
366.347
71.709
375.843
71.695
366.271
71.700
364.125
71.704
372.144
71.705
343.768
71.718
358.246
71.726
362.482
71.714
350.064
71.729
362.719
71.706
371.817
71.710
370.401
71.696
346.124
71.721
353.775
71.713
371.194
71.697
367.620
71.703
366.902
71.704
364.092
71.720
351.554
71.705
344.238
71.714
372.784
71.687
343.841
71.737
366.689
71.708
347.896
71.734
355.029
71.726
355.820
71.727
353.445
71.723
365.741
71.732
363.523
71.696
350.403
71.705
352.495
71.712
353.189
71.745
361.705
71.725
365.899
71.696
368.408
71.708
356.313
71.717
361.750
71.701
373.026
71.702
350.617
71.728
373.958
71.695
362.537
71.727
370.002
71.699
362.825
71.699
351.336
71.710
352.414
71.722
364.047
71.700
363.863
71.690
361.822
71.709
356.175
71.726
360.632
71.706
374.262
71.701
351.563
71.717
364.395
71.717
357.098
71.724
365.015
71.727
358.837
71.692
358.787
71.724
353.609
71.711
356.235
71.724
360.920
71.710
345.171
71.737
362.233
71.692
362.621
71.718
355.312
71.714
350.881
71.725
360.492
71.716
353.104
71.721
364.629
71.700
350.616
71.711
358.728
71.713
369.954
71.710
360.199
71.710
358.961
71.715
353.095
71.703
369.146
71.721
336.382
71.724
370.714
71.711
365.478
71.701
352.221
71.699
368.863
71.699
364.355
71.702
347.927
71.725
357.041
71.719
352.888
71.719
371.350
71.698
367.494
71.694
369.976
71.708
356.654
71.708
345.023
71.706
356.100
71.723
354.615
71.723
351.744
71.728
371.173
71.698
357.194
71.715
351.766
71.728
365.214
71.699
370.120
71.703
357.536
71.715
360.638
71.715
358.552
71.721
365.812
71.694
353.965
71.728
360.372
71.715
361.954
71.701
358.500
71.705
349.040
71.726
376.834
71.706
362.893
71.717
351.988
71.712
363.550
71.720
366.469
71.708
348.751
71.727
349.609
71.722
353.771
71.700
364.083
71.710
360.788
71.702
356.406
71.727
364.682
71.710
361.861
71.701
376.557
71.708
360.387
71.722
362.417
71.728
367.122
71.705
364.345
71.693
357.475
71.722
370.579
71.715
352.693
71.724
358.358
71.706
371.841
71.710
356.107
71.732
356.251
71.727
370.615
71.715
346.127
71.713
370.607
71.697
357.596
71.701
356.940
71.729
391.364
71.689
381.441
71.723
336.114
71.738
355.125
71.712
351.623
71.717
359.443
71.734
352.764
71.727
349.187
71.722
362.813
71.712
355.759
71.734
369.268
71.698
372.986
71.696
356.834
71.729
352.530
71.720
353.462
71.739
355.361
71.710
359.400
71.708
368.687
71.715
359.320
71.726
361.744
71.694
348.865
71.742
349.362
71.745
366.385
71.689
367.093
71.695
354.601
71.734
345.640
71.720
371.796
71.715
363.000
71.709
359.264
71.687
364.017
71.713
357.998
71.690
363.345
71.710
368.275
71.685
363.000
71.727
353.892
71.723
362.780
71.691
365.747
71.705
364.698
71.695
360.594
71.711
371.791
71.714
349.974
71.699
361.467
71.718
362.965
71.700
363.660
71.706
353.048
71.718
371.293
71.718
343.821
71.734
343.803
71.720
357.349
71.705
358.277
71.714
354.857
71.727
351.098
71.713
351.918
71.712
356.227
71.712
359.887
71.696
335.697
71.737
355.509
71.724
362.515
71.709
364.636
71.715
358.446
71.719
357.660
71.714
362.885
71.718
337.286
71.730
374.475
71.695
373.695
71.710
361.008
71.705
356.197
71.702
366.451
71.705
353.975
71.724
354.983
71.705
362.893
71.695
363.332
71.701
369.667
71.696
363.935
71.700
370.754
71.710
356.362
71.713
352.806
71.730
362.834
71.706
351.574
71.744
330.516
71.738
362.937
71.736
361.500
71.718
348.889
71.715
369.543
71.698
363.213
71.723
345.160
71.717
362.511
71.729
361.037
71.699
358.628
71.717
347.685
71.719
362.698
71.695
355.491
71.705
369.356
71.696
353.621
71.701
361.601
71.694
367.020
71.714
365.585
71.725
359.148
71.694
343.113
71.732
365.620
71.716
342.376
71.727
365.685
71.694
360.033
71.715
355.837
71.701
359.309
71.719
363.790
71.700
362.999
71.713
363.098
71.714
364.801
71.701
351.663
71.715
372.830
71.691
363.460
71.694
351.500
71.718
367.898
71.712
362.651
71.730
356.643
71.714
384.271
71.683
360.808
71.691
364.579
71.715
352.959
71.720
368.205
71.714
363.206
71.695
366.848
71.684
367.677
71.698
372.611
71.698
368.973
71.717
362.932
71.717
370.747
71.687
356.896
71.717
364.983
71.725
366.031
71.712
357.802
71.710
354.864
71.735
363.675
71.726
378.894
71.706
365.767
71.709
362.426
71.703
360.757
71.728
356.254
71.712
370.768
71.708
376.239
71.681
356.901
71.706
355.392
71.725
354.084
71.726
345.402
71.725
349.121
71.725
367.412
71.711
365.706
71.699
351.661
71.723
365.199
71.717
348.288
71.724
345.193
71.726
365.698
71.708
369.776
71.699
369.157
71.704
369.875
71.673
348.977
71.736
349.305
71.706
376.013
71.689
351.513
71.705
351.632
71.716
360.246
71.697
349.289
71.729
365.681
71.699
370.677
71.709
362.533
71.713
370.544
71.711
361.768
71.712
366.297
71.698
372.080
71.695
360.260
71.698
364.664
71.703
361.418
71.708
368.872
71.714
357.683
71.709
354.430
71.735
362.805
71.700
359.640
71.722
369.847
71.708
370.870
71.714
336.258
71.736
371.326
71.708
361.577
71.699
363.628
71.715
377.616
71.690
355.140
71.748
375.770
71.666
369.904
71.727
363.518
71.720
353.502
71.738
352.145
71.705
371.758
71.703
353.910
71.715
364.843
71.710
352.528
71.726
357.350
71.709
358.859
71.713
363.269
71.728
357.885
71.723
349.453
71.731
362.614
71.705
359.220
71.713
367.483
71.689
369.346
71.707
367.242
71.697
372.535
71.691
354.855
71.734
342.812
71.729
351.537
71.728
368.936
71.705
365.603
71.702
365.110
71.707
369.017
71.674
348.860
71.724
344.091
71.736
362.808
71.712
365.739
71.720
365.376
71.710
364.164
71.722
372.858
71.711
359.309
71.686
364.592
71.695
359.335
71.716
349.012
71.718
372.148
71.721
349.497
71.725
357.377
71.714
363.208
71.724
359.403
71.712
360.524
71.728
368.599
71.715
367.463
71.698
374.595
71.694
357.190
71.733
364.705
71.702
337.378
71.741
361.371
71.712
354.910
71.717
351.567
71.729
375.894
71.716
359.545
71.709
358.351
71.728
368.142
71.708
345.315
71.728
354.888
71.719
367.663
71.701
366.965
71.718
359.553
71.722
351.317
71.721
350.124
71.719
359.961
71.684
365.134
71.711
366.557
71.706
365.562
71.726
349.937
71.713
363.339
71.713
359.616
71.708
355.519
71.722
369.311
71.712
364.630
71.726
368.278
71.708
351.019
71.716
366.159
71.693
347.246
71.714
366.103
71.709
364.336
71.716
353.064
71.724
359.910
71.707
360.946
71.709
364.329
71.735
344.891
71.732
348.609
71.696
359.433
71.728
351.489
71.718
360.258
71.711
377.346
71.688
378.776
71.711
359.744
71.720
366.243
71.698
357.105
71.735
355.280
71.732
365.576
71.726
353.325
71.703
351.957
71.713
361.390
71.697
369.811
71.701
358.606
71.716
364.995
71.706
361.559
71.711
370.928
71.703
361.165
71.721
365.935
71.701
367.407
71.700
362.655
71.698
363.756
71.726
358.957
71.727
359.817
71.734
357.332
71.706
361.576
71.726
371.429
71.704
371.850
71.714
354.111
71.707
359.500
71.708
345.662
71.721
349.557
71.706
356.369
71.727
360.767
71.713
353.470
71.725
366.670
71.713
363.726
71.692
351.666
71.717
357.364
71.729
347.133
71.714
365.545
71.674
351.275
71.741
344.917
71.720
367.414
71.713
354.618
71.717
345.987
71.726
353.348
71.726
362.956
71.722
362.103
71.712
371.948
71.692
371.293
71.707
356.622
71.714
372.516
71.717
367.495
71.706
360.195
71.701
359.602
71.720
350.184
71.709
359.559
71.713
368.319
71.693
363.341
71.723
357.458
71.695
366.944
71.712
358.589
71.708
344.934
71.708
362.640
71.693
355.731
71.721
362.987
71.720
357.689
71.724
359.479
71.722
353.148
71.700
354.391
71.710
347.060
71.721
356.812
71.712
360.948
71.737
363.392
71.739
372.207
71.706
360.254
71.729
366.172
71.693
352.090
71.703
353.104
71.732
361.193
71.696
351.137
71.719
358.493
71.697
354.995
71.709
364.126
71.709
355.143
71.714
359.228
71.706
372.548
71.675
366.804
71.701
355.150
71.710
358.256
71.723
337.670
71.715
350.492
71.737
361.409
71.714
368.009
71.707
361.627
71.701
362.423
71.718
364.038
71.725
355.733
71.729
349.070
71.737
365.104
71.714
361.099
71.725
357.172
71.729
359.815
71.713
359.724
71.727
374.784
71.705
359.715
71.715
359.331
71.713
356.430
71.721
369.575
71.702
367.307
71.714
360.596
71.718
371.217
71.700
353.020
71.714
352.426
71.717
357.745
71.712
353.776
71.743
359.214
71.708
346.973
71.718
369.102
71.713
369.588
71.704
368.404
71.693
347.249
71.734
348.599
71.729
358.442
71.709
360.643
71.705
362.934
71.706
364.733
71.710
361.342
71.712
360.460
71.732
364.477
71.727
367.177
71.693
359.461
71.698
376.627
71.702
367.958
71.732
355.957
71.733
354.377
71.706
362.170
71.704
362.418
71.723
368.263
71.692
348.340
71.731
351.488
71.733
373.972
71.690
355.354
71.721
359.892
71.722
363.381
71.710
375.214
71.725
354.930
71.738
356.521
71.733
365.111
71.707
351.999
71.715
363.285
71.721
371.650
71.701
352.511
71.727
347.493
71.724
359.127
71.725
367.742
71.708
349.049
71.731
361.034
71.703
363.621
71.696
364.015
71.697
371.128
71.723
357.757
71.721
354.134
71.714
368.125
71.719
362.055
71.722
365.692
71.698
362.012
71.708
358.634
71.729
373.252
71.714
366.533
71.727
356.430
71.713
375.399
71.701
345.645
71.723
352.063
71.717
350.313
71.705
361.322
71.708
350.182
71.738
348.928
71.719
364.021
71.722
368.042
71.703
362.140
71.715
357.143
71.712
366.540
71.717
363.121
71.707
345.988
71.713
360.410
71.716
355.136
71.709
370.091
71.710
356.206
71.720
353.981
71.709
366.800
71.705
344.325
71.727
349.726
71.713
367.677
71.701
347.799
71.717
346.600
71.729
363.306
71.716
372.805
71.707
360.557
71.723
362.556
71.711
358.042
71.722
378.991
71.671
363.804
71.726
358.656
71.692
364.405
71.721
358.217
71.703
365.756
71.691
372.255
71.712
