19131.291
258.966
19211.117
257.324
19742.787
259.663
18883.857
257.206
19633.996
260.316
20007.969
261.234
19643.727
259.433
19353.019
259.383
19818.260
259.729
19134.700
257.640
19125.872
258.450
19236.046
259.676
19156.234
258.530
19501.823
258.927
19752.124
260.122
19279.409
258.898
19336.906
258.885
19260.083
258.498
19494.497
259.932
19548.926
259.560
19089.325
258.530
19359.996
259.450
19191.668
258.743
19215.981
257.465
19367.113
258.347
18806.218
257.609
19292.389
258.468
19402.194
259.298
19446.266
259.478
19623.435
261.011
19557.766
259.746
19453.525
258.794
19400.335
259.020
19190.896
258.988
19599.488
258.436
19596.512
259.790
19502.505
259.951
18982.671
257.789
19347.217
259.178
19373.972
259.405
19492.228
258.224
19310.713
258.119
19245.153
258.980
19684.200
259.239
19154.958
258.683
19585.591
259.710
19269.516
259.127
19254.510
258.267
18917.611
257.076
19366.829
258.205
19179.883
258.352
19192.610
258.421
19339.418
259.450
19360.094
258.933
18918.993
256.520
19146.118
258.559
19494.577
259.587
19350.010
259.969
19095.603
256.674
19401.161
258.804
19616.398
259.468
19136.837
257.902
19123.033
258.093
19272.664
259.016
18898.381
258.074
19093.956
259.149
19483.516
258.009
19618.635
259.975
19552.502
259.196
18912.007
258.340
19348.575
257.956
19391.793
259.126
19398.996
258.259
19674.324
258.815
19193.225
257.829
19449.933
259.051
19264.117
260.182
19028.870
256.812
19553.589
257.980
19118.742
259.328
19235.161
258.384
19591.600
259.192
19572.896
259.241
19159.043
258.838
19508.129
258.658
18828.281
257.580
19364.885
260.559
19568.105
259.599
19303.644
258.803
19068.748
257.910
19822.879
260.532
19186.270
258.926
19276.895
258.026
19446.961
259.815
19506.718
259.777
19154.798
258.043
19216.306
258.038
18709.413
257.326
19499.950
258.640
19328.911
260.016
19141.970
258.007
19197.781
257.841
19737.601
260.412
19007.683
257.461
19609.570
258.851
19236.297
257.489
19336.812
258.612
19423.305
259.718
19495.556
258.806
19560.103
259.406
19657.119
260.294
19201.021
258.877
19211.662
258.276
19377.293
259.114
19381.507
257.911
19233.814
259.853
19299.203
258.840
19556.592
259.048
19319.212
259.389
19511.955
259.598
19190.441
258.526
19517.232
259.104
19649.523
258.601
19228.971
258.079
19312.935
258.814
18837.285
256.914
19088.396
257.846
19296.432
258.223
18938.395
257.794
19094.563
258.512
19243.495
258.023
19265.193
258.375
18881.035
258.136
19194.619
258.595
19305.907
258.657
19358.311
258.892
19131.291
258.966
19211.117
257.324
19131.291
258.966
19211.117
257.324
19742.787
259.663
18883.857
257.206
19633.996
260.316
20007.969
261.234
19643.727
259.433
19353.019
259.383
19818.260
259.729
19134.700
257.640
19125.872
258.450
19236.046
259.676
19156.234
258.530
19501.823
258.927
19752.124
260.122
19279.409
258.898
19336.906
258.885
19260.083
258.498
19494.497
259.932
19548.926
259.560
19089.325
258.530
19359.996
259.450
19191.668
258.743
19215.981
257.465
19367.113
258.347
18806.218
257.609
19292.389
258.468
19402.194
259.298
19446.266
259.478
19623.435
261.011
19557.766
259.746
19453.525
258.794
19400.335
259.020
19190.896
258.988
19599.488
258.436
19596.512
259.790
19502.505
259.951
18982.671
257.789
19347.217
259.178
19373.972
259.405
19492.228
258.224
19310.713
258.119
19245.153
258.980
19684.200
259.239
19154.958
258.683
19585.591
259.710
19269.516
259.127
19254.510
258.267
18917.611
257.076
19366.829
258.205
19179.883
258.352
19192.610
258.421
19339.418
259.450
19360.094
258.933
18918.993
256.520
19146.118
258.559
19494.577
259.587
19350.010
259.969
19095.603
256.674
19401.161
258.804
19616.398
259.468
19136.837
257.902
19123.033
258.093
19272.664
259.016
18898.381
258.074
19093.956
259.149
19483.516
258.009
19618.635
259.975
19552.502
259.196
18912.007
258.340
19348.575
257.956
19391.793
259.126
19398.996
258.259
19674.324
258.815
19193.225
257.829
19449.933
259.051
19264.117
260.182
19028.870
256.812
19553.589
257.980
19118.742
259.328
19235.161
258.384
19591.600
259.192
19572.896
259.241
19159.043
258.838
19508.129
258.658
18828.281
257.580
19364.885
260.559
19568.105
259.599
19303.644
258.803
19068.748
257.910
19822.879
260.532
19186.270
258.926
19276.895
258.026
19446.961
259.815
19506.718
259.777
19154.798
258.043
19216.306
258.038
18709.413
257.326
19499.950
258.640
19328.911
260.016
19141.970
258.007
19197.781
257.841
19737.601
260.412
19007.683
257.461
19609.570
258.851
19236.297
257.489
19336.812
258.612
19423.305
259.718
19495.556
258.806
19560.103
259.406
19657.119
260.294
19201.021
258.877
19211.662
258.276
19377.293
259.114
19381.507
257.911
19233.814
259.853
19299.203
258.840
19556.592
259.048
19319.212
259.389
19511.955
259.598
19190.441
258.526
19517.232
259.104
19649.523
258.601
19228.971
258.079
19312.935
258.814
18837.285
256.914
19088.396
257.846
19296.432
258.223
18938.395
257.794
19094.563
258.512
19243.495
258.023
19265.193
258.375
18881.035
258.136
19194.619
258.595
19305.907
258.657
19358.311
258.892
18986.924
258.092
19336.242
258.449
19333.433
258.939
19006.283
258.073
19343.425
259.407
19421.279
258.591
19385.087
259.096
19448.425
258.702
19650.599
259.511
18839.560
257.886
19159.134
258.349
19372.761
258.185
19125.122
259.837
19269.967
259.018
19038.578
258.726
19629.456
260.449
19424.141
259.463
19209.581
258.477
19395.419
259.396
19407.576
259.809
18790.787
258.698
19112.857
257.841
19153.321
259.231
19211.496
258.825
19560.679
257.391
19401.309
258.694
19426.888
259.095
19430.496
259.075
18942.679
256.708
19428.399
259.257
19114.424
257.593
19122.165
257.924
19089.779
257.974
19174.735
258.418
19715.133
260.266
19390.192
258.895
19384.656
259.040
18928.019
257.795
19156.646
258.810
19518.624
259.102
19262.589
257.828
19303.117
258.837
19314.249
259.632
19458.122
259.334
19665.343
259.707
19480.714
259.177
19414.402
258.932
19302.237
258.454
19267.443
257.528
19241.227
258.750
19456.762
259.800
19089.732
257.852
19210.534
257.838
19310.211
258.552
19438.996
260.023
19492.187
258.792
19127.159
258.929
19473.598
260.047
19147.091
258.295
18613.788
257.827
19464.913
258.814
19133.866
258.859
19176.849
259.189
19462.163
258.937
19471.318
258.235
19389.386
258.544
19240.824
259.818
19220.429
258.002
19156.892
258.799
19597.698
260.414
19728.151
260.726
19506.338
259.311
19976.931
259.286
19440.612
258.831
19377.643
258.574
19211.589
258.877
19468.811
258.879
19295.205
259.537
19338.234
258.320
19543.983
259.119
19895.595
260.990
19431.878
259.740
19252.499
257.743
19335.427
258.466
19591.606
257.644
19352.099
258.434
19596.492
260.845
19201.365
257.773
19349.792
258.315
19251.765
257.725
19157.969
260.493
19432.772
258.916
19284.942
258.719
19384.374
258.541
19134.974
258.900
19317.521
259.476
19066.696
257.818
19487.482
259.093
19360.550
259.508
19424.194
258.186
19127.755
259.916
19439.833
259.960
19423.059
258.460
18959.573
257.554
19368.010
259.083
19207.358
258.971
19285.646
258.301
19423.394
259.255
19066.519
258.831
19457.077
258.434
19538.635
259.321
19702.153
260.416
19384.269
258.450
19437.941
259.090
19265.988
257.983
19282.330
259.284
19390.127
258.211
19324.994
258.030
19227.907
258.345
18836.361
256.730
19001.283
256.980
19413.265
258.814
19581.437
258.881
19223.582
258.781
19581.778
259.243
19741.672
259.747
19080.680
258.727
19662.644
261.031
19512.245
258.372
19569.547
259.579
18843.508
257.630
19270.662
257.859
19475.604
260.181
19224.579
257.313
19386.349
258.506
18992.337
257.933
19341.722
259.457
19393.161
260.147
19498.613
259.643
19511.393
259.580
19547.980
260.452
19275.962
258.199
19306.470
258.221
19547.442
259.900
19088.059
258.077
19274.337
258.383
19101.947
259.118
19528.563
258.591
19123.579
258.901
19145.834
258.851
18966.351
257.047
19133.059
258.135
19803.550
260.570
19366.589
260.214
19168.915
258.501
19170.042
258.008
19763.032
260.442
19701.187
259.010
19417.976
259.224
19423.357
259.161
19271.769
258.758
19619.061
260.399
19203.755
257.990
19370.572
259.014
19347.440
258.152
18945.137
258.174
19744.669
260.834
19488.689
259.586
19592.813
260.139
19306.770
258.710
19355.875
258.668
19006.051
257.939
19509.450
259.666
19404.552
257.881
19659.025
259.241
19346.971
258.803
19408.005
258.950
19736.949
259.486
19064.206
258.245
18998.984
258.059
19427.808
259.314
19352.684
257.231
19581.332
259.610
18992.826
257.920
19672.538
259.895
19373.246
258.285
19273.642
258.213
18853.799
257.088
19142.213
258.258
19436.265
259.826
19271.314
259.067
19482.382
260.535
19601.346
260.580
19336.992
259.339
19159.494
259.010
19720.078
260.188
19434.796
258.579
19702.173
259.302
19360.531
258.086
19429.362
259.940
19477.000
259.286
19475.289
259.194
19169.248
258.436
19450.031
259.072
19160.826
258.230
19471.911
259.880
19205.280
257.996
19441.768
259.238
19514.242
259.151
19405.579
259.375
19199.073
257.657
19374.282
258.664
19135.111
258.972
19695.605
258.427
19031.906
257.955
19293.014
259.462
18913.153
258.201
19083.232
258.012
19152.160
258.126
19244.642
258.142
19093.344
258.763
19050.270
258.133
19400.670
259.052
18993.099
258.680
19445.200
260.009
19244.658
257.853
19286.463
257.916
19311.810
258.613
19318.036
258.344
19190.613
257.596
19194.890
258.481
19630.122
260.166
19296.790
257.299
19013.576
258.127
19060.589
258.687
19430.521
258.235
19217.781
258.087
19214.055
258.237
19307.365
258.116
19277.662
259.089
19333.736
258.172
19315.407
258.128
19100.960
257.852
19531.541
258.944
19366.386
259.097
19131.661
259.131
19470.849
259.963
18755.657
256.632
19390.394
259.144
19122.359
258.614
19332.559
258.157
19573.567
259.421
19852.415
260.112
19105.148
258.114
19365.041
259.609
19452.254
258.794
19287.785
258.223
19231.239
258.740
19105.276
258.720
19798.397
260.769
19243.799
258.737
19507.584
259.204
19330.143
258.043
19195.289
258.695
19205.638
258.781
19830.095
259.775
19285.737
258.309
19756.897
260.002
19446.519
257.499
19397.962
258.111
19500.455
258.158
19556.588
259.686
19494.918
259.522
19178.869
259.294
19434.347
258.740
19070.595
258.041
19624.149
259.874
19094.449
258.938
19185.729
258.239
19335.069
258.138
19241.427
258.181
19524.910
259.777
19208.614
258.035
19435.085
257.895
19430.008
260.185
19265.146
258.660
19309.088
258.275
19578.215
259.329
19662.256
259.751
19318.885
258.358
19326.658
259.693
19492.837
258.969
19250.414
258.715
19404.529
258.789
19412.675
259.530
19636.321
260.039
19646.806
260.268
19476.852
259.066
19499.116
259.345
19524.646
260.759
19303.316
257.941
19672.830
259.464
19502.202
259.751
18891.289
257.270
19307.338
258.967
19481.437
258.854
19598.856
259.163
19277.042
258.048
19221.998
259.086
19282.586
259.373
19076.026
257.985
19507.419
259.513
19708.492
259.263
19305.871
258.946
19231.613
259.260
19172.981
258.286
19319.588
259.028
19527.063
259.234
19629.039
259.915
19143.507
257.520
19220.619
259.066
19387.634
258.290
19211.620
258.637
19604.937
258.074
19314.580
257.998
19346.152
258.623
18888.521
257.281
19590.600
258.972
19563.027
260.000
19538.202
259.351
19852.706
260.612
19278.309
258.278
19247.913
257.767
19479.220
258.892
19556.824
259.144
18870.633
258.793
19955.498
260.431
19193.310
257.877
19395.966
260.041
19220.359
258.355
19573.041
260.016
19469.727
259.132
19548.425
258.819
19504.870
259.002
19607.990
259.526
19710.571
259.318
19130.685
256.932
19459.732
258.329
19491.383
259.217
19406.309
259.048
19218.686
258.162
19488.880
258.356
19154.802
258.816
19537.890
258.806
19316.076
259.091
19152.800
258.381
19248.679
257.960
19587.583
259.739
19411.738
260.394
19180.858
258.229
19179.871
258.373
19083.889
258.199
19296.225
258.730
19572.269
259.061
19197.981
258.858
19653.419
259.506
19294.081
258.252
19397.028
258.747
19902.495
260.698
19430.724
259.245
19514.496
259.228
19360.109
258.261
19354.457
258.693
19330.249
259.183
19496.067
260.786
19397.368
258.850
19410.228
258.555
19517.197
259.791
18925.352
257.734
19380.917
258.766
19706.002
259.822
19081.222
258.017
19771.789
259.498
19555.816
259.015
19477.324
259.331
19537.215
259.365
19348.714
259.608
19396.354
259.624
18936.349
257.476
18911.985
257.998
19680.857
259.091
19218.459
258.452
19342.298
258.102
19201.374
256.986
19568.302
258.669
19474.354
258.161
19465.574
260.107
19524.440
258.977
19387.408
259.281
19400.835
258.002
19263.343
258.482
19793.561
259.131
19570.909
259.758
19421.142
259.066
19219.854
258.425
19276.311
259.027
19474.821
259.779
19358.896
258.212
19404.198
258.291
19305.807
257.893
19054.668
258.174
19168.868
258.311
19403.827
258.247
19334.267
257.964
19060.078
258.030
19430.301
258.388
19262.864
258.409
19258.068
258.554
19346.576
259.346
19038.875
257.529
19295.901
259.285
19630.344
259.257
19345.354
259.336
19428.522
258.211
19062.848
257.217
19199.701
258.793
19026.508
258.782
19230.380
258.775
19139.125
258.273
19399.542
260.227
19245.118
258.443
19516.596
259.483
19583.195
260.003
19264.482
257.978
19125.818
258.539
19029.784
258.329
19531.185
260.009
19317.616
258.956
19301.697
258.198
19041.634
258.078
19136.791
258.410
19350.410
257.446
19036.341
258.193
19390.608
259.774
19074.747
258.120
19203.145
258.174
19972.059
259.748
19377.603
259.559
19101.553
257.778
19424.125
259.343
19170.588
259.071
19025.163
259.192
19608.603
259.195
19126.670
259.090
19201.178
258.034
19306.111
258.571
19146.869
257.409
19146.605
257.886
19449.155
259.398
19654.624
258.518
19252.439
259.341
19365.765
259.119
19329.490
259.439
19396.153
258.416
19300.918
259.636
19387.910
258.254
19668.009
259.050
19688.314
259.772
19224.156
258.959
18786.155
257.410
19243.313
258.393
19388.643
259.096
19333.070
259.092
19029.016
258.734
19497.115
258.715
19542.516
259.099
19554.786
257.729
19270.600
258.808
19446.582
258.893
19162.835
258.132
19274.154
259.237
19132.175
257.439
19523.644
258.901
19397.331
258.197
19401.454
258.653
19295.969
258.806
19590.949
259.372
19501.463
260.286
19308.467
258.050
19291.159
258.032
19014.360
256.783
19503.652
259.525
19606.943
258.391
19249.129
258.836
19358.080
259.222
18849.014
257.194
19770.398
259.897
19273.163
258.513
19292.431
258.692
19122.448
257.411
19188.825
257.758
19392.052
260.479
19041.068
260.032
19600.285
259.824
19544.909
258.666
19342.183
257.404
19204.453
258.583
19533.503
258.656
19718.915
260.106
19457.016
258.514
19395.281
259.295
19379.438
258.190
19408.842
260.032
19281.286
258.958
19398.836
259.063
19420.749
259.541
19391.165
257.369
19295.835
257.648
19181.726
258.286
19764.188
260.442
18899.924
257.504
19322.107
257.983
19370.646
258.512
19259.520
258.556
19362.341
258.667
19275.333
258.611
19128.993
257.989
19608.340
259.551
19235.511
260.334
19716.633
258.510
19405.725
259.880
19595.876
259.366
19282.042
258.837
19346.651
257.660
19104.851
258.261
19842.611
258.669
19382.534
258.850
19156.403
257.987
19516.277
259.285
19661.274
259.473
19501.771
258.771
19398.964
260.075
19604.455
258.257
19100.622
258.069
19584.902
259.560
19410.508
258.798
19620.266
258.845
19156.810
257.620
19451.452
258.410
19313.282
259.075
19141.559
258.122
19363.494
258.248
19140.976
257.631
19036.095
257.818
19144.450
258.481
19349.190
258.466
19633.618
259.777
19406.508
258.758
19229.735
256.994
19212.516
258.587
19470.488
258.853
19044.648
258.518
18925.101
257.277
19132.037
257.438
19040.088
258.056
19231.233
257.786
19303.999
258.555
19512.277
259.186
18975.846
258.230
19513.180
258.551
19078.259
258.956
19305.295
258.513
19526.098
258.243
19199.875
258.239
19293.274
258.618
19666.880
259.559
19529.770
259.597
19361.288
258.651
19344.913
259.236
19171.984
259.025
19260.024
258.906
19716.131
259.868
19446.078
259.245
19325.122
258.426
18801.075
257.633
19113.270
258.829
19226.756
259.314
19538.887
259.865
19130.260
258.963
19579.917
259.614
19666.943
259.721
19357.842
258.120
19307.226
259.338
19654.948
259.047
18974.143
256.567
19511.112
258.832
19321.860
258.509
18922.711
257.838
19102.260
258.807
19431.166
259.158
19398.862
258.393
19563.804
259.445
19521.011
259.148
19425.643
259.438
19433.440
258.422
19587.633
259.567
19465.772
260.234
19672.462
259.349
19287.682
258.633
19121.964
257.970
19513.221
259.012
19622.195
259.760
19534.550
259.803
19374.895
259.313
19381.445
259.312
19314.830
258.848
18965.720
257.746
19888.482
259.895
19617.515
259.422
19286.065
258.902
19702.901
260.022
19577.501
258.798
19350.311
258.673
19355.080
258.439
19492.525
258.601
19068.244
257.983
19539.714
259.872
19343.345
258.981
19218.763
258.555
19567.460
259.872
19313.992
258.835
19226.957
259.157
19017.696
257.730
19583.215
259.135
19512.118
258.498
19510.163
259.337
19422.993
259.492
19113.720
258.268
19462.235
258.336
19422.304
258.033
19138.651
258.562
19565.730
259.945
19359.807
259.218
19299.268
258.072
19232.299
258.008
19354.245
258.787
19380.457
258.588
19506.957
259.658
19482.024
260.102
19194.353
258.771
19170.933
258.210
19571.887
260.140
19514.224
258.811
19137.783
257.417
19348.120
258.272
19178.149
257.487
19104.075
256.852
19287.496
259.165
19341.725
258.466
19744.806
260.743
19150.599
257.943
18981.370
257.584
19656.822
259.164
19114.216
258.632
19616.215
258.750
19676.254
259.368
19422.626
260.235
19422.480
258.632
19017.229
257.803
19410.289
259.737
19331.607
257.763
19647.316
258.856
19537.035
257.870
18800.436
256.529
19091.297
257.420
19455.188
258.546
19228.717
258.480
19524.961
259.220
19775.295
259.777
19162.304
258.322
19545.389
258.409
19182.408
258.768
19265.249
258.476
19422.799
258.012
19329.534
258.131
19405.824
258.703
19005.355
258.858
19577.148
259.972
19218.737
257.904
19074.303
258.586
19506.812
260.453
19339.217
258.406
19681.899
259.909
19200.377
258.732
19089.555
258.492
19346.421
258.053
19686.739
260.484
19653.643
259.526
19671.030
258.672
19531.576
259.803
19411.555
258.422
19411.746
258.106
19504.220
259.560
19768.239
260.030
19093.854
257.852
19327.981
257.995
19521.438
259.530
19377.907
259.434
19395.103
258.705
18920.286
257.035
18879.759
258.705
18813.095
255.944
19243.310
258.881
19033.655
258.379
19244.082
257.548
19168.661
258.069
19199.748
257.171
19253.151
257.813
19362.883
258.033
19574.463
259.399
19363.767
259.339
19410.146
258.900
19190.702
258.070
19378.364
259.353
19454.315
258.614
19451.661
258.441
18979.504
258.509
19655.308
260.020
19471.776
260.078
19243.757
258.636
19105.011
258.629
19512.185
259.746
19094.416
259.353
18885.956
257.082
19274.885
258.873
19531.637
259.328
19266.851
259.342
18901.441
258.207
19402.153
258.474
19377.858
259.259
19334.495
257.604
19186.539
258.964
19564.679
259.126
19354.622
259.301
19387.079
258.416
19521.180
258.673
19293.084
258.635
19025.481
259.053
19536.347
257.367
19645.402
259.558
19163.821
257.750
19224.045
258.326
19343.765
258.719
19392.934
258.610
19225.187
258.556
18940.594
258.058
19445.129
260.306
19177.979
258.038
19614.589
260.202
19414.986
258.731
19067.681
258.729
19471.148
259.598
19023.092
257.792
19382.568
258.824
18897.182
258.696
19181.613
257.455
19507.362
258.535
19558.023
259.876
19407.368
258.902
19551.261
258.814
19466.848
258.093
19304.368
257.891
19048.069
257.622
19527.936
258.330
19768.384
258.579
19067.178
257.998
18946.833
256.709
18974.425
258.315
19754.859
259.623
19382.741
258.668
19221.670
259.297
19316.585
258.281
19484.023
259.944
19332.209
259.469
19463.822
259.871
19860.578
260.149
19046.087
257.650
19058.986
258.146
19271.666
257.578
19687.701
260.344
19491.634
257.890
19182.149
258.759
19390.792
258.143
19443.900
259.916
19262.367
258.361
19241.767
257.426
19303.766
258.940
19417.115
259.066
19391.722
258.359
19317.602
259.386
19379.388
258.919
19539.682
259.035
19361.635
259.592
19344.718
258.712
19186.818
257.521
19827.633
259.546
19265.044
258.377
18859.628
258.347
19071.370
258.715
19251.627
258.995
19298.764
258.986
19295.075
257.790
19052.466
257.990
19255.951
258.561
19520.237
258.690
19246.167
257.572
19133.784
257.629
19398.546
259.946
19224.189
257.446
19432.809
258.904
19184.788
258.587
19326.980
258.742
19280.960
258.872
19604.558
259.965
19622.512
260.266
19087.717
258.825
19315.450
258.361
19155.877
259.603
19140.583
257.699
19426.195
258.607
19432.248
258.585
19192.096
258.846
19720.912
260.694
19262.310
258.464
19650.403
259.109
19590.529
259.287
19432.111
259.191
19362.754
258.743
19207.193
258.312
19494.736
258.312
19746.778
258.603
19015.823
258.334
19267.900
259.325
19257.954
258.910
19282.405
259.758
19233.169
256.959
19156.321
258.784
19383.560
258.074
19507.189
259.540
19384.798
258.153
19518.398
259.465
19398.710
258.831
19554.274
260.163
19373.429
259.354
19536.176
259.599
19642.168
258.908
19261.075
258.542
19475.767
259.044
19176.426
259.831
19417.456
258.031
19638.338
260.767
19380.158
259.190
19487.805
258.199
19380.181
258.177
