9.996
10.965
10.204
10.980
10.162
10.966
10.197
10.980
9.971
10.965
9.956
10.966
10.128
10.966
10.021
10.965
10.287
10.980
10.170
10.967
10.131
10.966
10.144
10.966
10.099
10.966
10.270
10.980
10.256
10.980
10.354
10.981
10.087
10.966
10.140
10.966
10.075
10.966
10.226
10.980
10.310
10.981
9.937
10.966
10.296
10.980
10.190
10.980
10.173
10.966
10.347
10.980
10.218
10.980
10.172
10.966
10.089
10.966
10.253
10.980
10.208
10.980
10.176
10.966
10.203
10.980
10.149
11.011
10.021
10.965
9.996
10.966
10.135
10.966
10.232
10.980
10.188
10.966
10.161
10.966
10.351
10.980
10.214
10.980
10.244
10.980
10.283
10.980
10.186
10.966
10.282
10.980
10.154
10.966
10.335
10.980
10.070
10.965
9.944
10.965
10.226
10.980
10.443
10.981
10.119
10.966
10.224
10.980
10.406
10.981
10.214
10.980
10.028
10.966
10.255
10.980
10.262
10.980
10.172
10.967
10.199
10.980
10.179
10.966
10.292
10.980
10.118
10.965
10.145
10.966
10.164
10.966
10.075
10.965
10.146
10.965
10.171
10.966
10.214
10.980
10.269
10.980
10.200
10.980
10.244
10.980
10.283
10.981
10.383
10.981
10.058
10.966
9.848
10.965
10.037
10.965
10.073
10.966
10.154
10.966
10.145
10.966
10.196
10.980
10.069
10.966
10.060
10.966
10.298
10.980
9.927
10.965
10.137
10.966
10.146
10.966
10.111
10.966
10.205
10.980
10.052
10.966
10.177
10.966
10.106
10.966
10.070
10.966
10.144
10.966
10.087
10.966
10.083
10.966
10.296
10.981
10.027
10.966
10.160
10.966
