19067.453
258.239
18742.650
258.405
19170.848
257.742
19203.657
257.437
19051.729
257.757
18660.867
256.934
19024.446
258.022
19348.843
258.277
19102.445
257.994
19246.737
258.010
18747.912
258.653
18899.857
258.060
19315.647
258.612
19462.193
257.608
19387.239
258.525
19070.254
256.457
18609.962
255.848
19153.758
258.048
19054.621
257.923
19030.265
257.531
18885.662
257.364
18664.988
257.302
18960.552
258.176
19389.043
258.135
18665.531
257.372
19254.738
258.236
19305.139
258.300
18904.435
257.668
18889.632
257.918
18851.651
257.512
19100.670
257.161
19252.581
257.817
18924.603
258.045
18828.502
256.681
19494.644
259.511
18911.809
257.044
18930.780
257.710
19047.239
257.613
19159.379
257.965
19154.694
257.419
18961.278
257.842
19126.602
258.513
18840.627
256.106
19062.234
257.274
19344.329
257.910
18929.296
257.955
18762.120
257.692
19515.240
258.841
19207.887
259.221
19318.753
258.458
18967.366
257.222
19427.147
259.354
18543.323
257.289
18724.059
257.280
19300.619
257.720
18988.804
257.947
19178.089
257.081
19126.366
258.657
19024.695
258.685
18447.747
255.413
18733.048
256.697
19113.686
258.660
18931.703
257.071
19262.369
257.725
19207.470
257.154
19256.010
257.415
19072.804
258.676
19175.099
258.963
19016.937
257.786
19083.688
257.614
19065.897
257.421
18968.686
258.962
19147.854
257.226
19171.201
256.111
19206.717
257.777
18990.406
257.251
19061.193
257.230
19073.041
258.760
18738.715
257.594
19050.067
258.292
19055.709
258.064
19120.106
257.816
18811.198
257.634
18877.519
256.870
19163.270
259.614
19309.121
259.207
18526.725
256.659
19044.257
256.914
18870.401
256.821
18792.041
257.319
18752.048
258.147
19124.420
258.112
18976.422
257.082
18705.458
257.354
19045.790
257.944
19200.339
258.371
19080.265
257.634
18863.770
256.855
18618.722
255.879
18980.315
256.779
19289.749
257.892
19013.924
258.413
19244.654
258.916
19017.627
257.750
19547.220
258.526
19053.538
257.256
18952.459
257.653
19309.019
259.016
18807.394
256.646
18737.697
257.097
18814.888
257.073
18909.282
257.205
19424.366
259.470
19212.575
258.324
19138.189
258.518
18890.275
256.120
19028.289
257.792
18962.362
258.497
18880.406
257.824
19434.075
259.351
19687.955
259.661
18878.966
257.270
18785.301
257.350
18885.241
257.315
18792.403
257.036
19244.407
257.447
18949.177
257.293
18979.257
257.356
18681.473
256.643
19272.368
258.703
18806.601
256.958
19096.383
258.069
19230.292
257.307
18916.448
256.464
18945.321
257.250
19114.179
257.542
19210.121
258.739
19019.081
257.585
19025.328
256.927
19194.668
257.709
19202.772
257.817
18861.605
256.353
18929.382
257.909
18812.868
256.909
18662.769
256.795
19065.315
257.098
19170.098
259.046
19214.509
256.794
18797.208
256.459
19476.842
258.947
18733.811
257.224
18671.009
257.064
19025.449
257.655
19190.706
257.293
19230.952
257.924
19345.005
258.322
19026.562
257.957
19133.947
257.800
18921.760
257.957
19116.706
258.753
19215.285
258.877
18918.536
258.265
18834.318
257.558
19137.216
259.215
18663.922
257.489
18960.862
258.069
18905.149
256.999
18755.396
256.894
18956.007
258.285
18744.519
257.871
19055.233
257.901
18799.566
256.404
19210.927
258.950
18874.766
256.946
19117.383
258.688
18861.133
256.817
18612.329
257.000
19151.668
257.208
19070.497
257.328
18944.491
258.420
18639.562
256.545
19249.073
257.792
18857.963
256.415
19025.724
257.954
19186.607
258.679
19103.794
257.810
19325.385
258.565
19170.512
258.860
19299.613
257.919
19037.741
257.593
19023.893
257.865
19131.162
257.615
19128.128
259.002
18862.580
258.431
19262.274
258.934
19026.320
257.653
19250.334
258.056
18910.656
258.464
18650.116
257.873
19107.190
258.284
19013.416
257.840
18612.087
256.968
18590.037
255.458
18960.241
257.672
18882.358
257.838
19219.050
258.116
19025.333
258.382
19037.005
257.787
18738.197
257.481
19172.567
257.698
18499.432
256.915
19323.190
258.562
18991.170
257.407
19105.265
257.220
18943.569
257.456
19122.771
258.292
19149.880
256.562
19213.509
258.933
18981.679
258.071
19174.351
258.565
19256.967
257.399
19339.770
259.275
18989.656
257.828
19481.853
258.439
18981.972
257.418
19076.532
257.323
18801.867
257.661
19343.375
258.265
19233.266
258.091
19042.948
257.458
19082.070
257.550
19083.748
257.893
18877.457
257.645
18803.834
256.624
19054.383
257.072
19100.378
257.806
18963.043
258.379
19351.773
258.742
18639.146
257.790
19232.899
257.900
19090.940
258.663
19117.158
258.661
19085.553
256.877
18973.315
258.551
19133.236
258.399
18774.541
256.305
18826.098
256.782
18860.642
257.031
19046.479
258.525
19341.620
258.284
18637.091
256.925
18698.600
257.374
19124.972
258.489
18799.202
256.673
19326.807
257.797
18888.468
258.589
19230.540
257.601
18623.463
256.967
18731.298
257.025
18871.397
257.051
19174.321
258.857
18946.389
257.827
18803.915
257.041
19344.530
258.147
18813.134
257.024
19172.889
257.711
18897.476
258.156
18654.680
257.185
18752.106
256.898
19026.914
257.226
18996.622
256.866
19116.434
258.913
19101.969
256.476
18494.457
257.718
19144.120
258.143
18999.876
258.574
18786.186
257.166
19187.359
258.412
18781.040
256.737
19290.559
258.025
19090.029
257.735
18978.572
258.073
19083.019
259.072
18886.959
256.413
19156.213
259.202
18789.201
256.863
18971.999
257.658
19036.650
257.917
18990.037
259.785
18964.503
257.376
18960.415
257.542
19224.145
258.010
19296.913
257.066
19050.758
256.878
18968.143
258.365
18865.602
257.152
18932.886
257.912
19218.871
258.503
19105.351
259.473
18977.453
257.575
18785.161
257.287
19333.459
256.673
18995.803
257.595
19032.653
257.335
18789.817
256.758
19516.040
259.490
18834.910
256.250
18979.637
256.338
19256.397
258.974
18772.354
257.336
19272.285
258.358
18987.913
258.200
19342.128
258.272
18745.694
256.475
18965.566
256.896
19041.199
257.111
18879.874
256.584
18989.384
256.779
18751.871
257.599
18909.440
256.205
19109.385
256.856
19366.885
258.922
19084.347
257.586
18954.501
257.722
19221.610
259.899
19270.042
258.734
19079.480
257.361
18929.728
258.054
19117.671
256.493
18792.750
257.682
18979.916
259.047
19013.350
258.134
18930.702
256.142
19317.732
257.441
18862.375
257.192
18869.101
256.463
19012.755
257.771
19190.313
258.019
19091.970
257.220
19177.268
258.037
19384.804
258.762
18874.126
258.327
19286.062
259.305
19035.474
258.046
19052.279
257.052
19445.464
257.952
19125.501
258.745
19186.004
257.240
19079.948
257.569
18985.679
257.646
18582.166
257.170
18907.800
257.355
19049.151
258.291
19280.099
258.651
19069.081
258.118
19359.049
258.658
19154.144
258.461
19007.751
257.344
19074.596
258.571
19008.156
257.101
18887.766
257.064
18789.513
256.671
19019.283
255.161
18986.082
257.040
19059.654
259.153
19128.385
257.781
18892.255
257.980
19351.349
259.477
19377.860
258.371
18988.311
257.807
19001.824
258.099
18786.776
256.978
18958.333
257.466
19065.976
258.120
19028.624
257.839
18949.270
257.073
18857.680
257.420
19127.006
257.045
18950.185
257.881
19244.943
258.741
19079.276
257.638
19023.826
256.774
18788.148
255.915
19004.016
258.717
19137.988
258.232
19132.601
258.248
18912.122
258.332
19015.615
256.883
18852.787
257.002
18899.902
256.165
18988.918
257.845
19121.007
257.571
18984.745
257.448
19016.485
256.876
18920.407
258.131
19359.219
258.204
19030.478
258.224
18740.748
256.622
18776.954
258.001
19072.870
256.542
19158.382
257.939
18998.790
257.651
18932.162
257.694
19011.238
257.304
19144.149
259.068
18928.229
257.883
18942.828
258.413
19028.423
258.072
19297.562
258.042
18714.660
256.826
19481.106
258.116
19175.128
258.428
18956.286
257.222
19050.218
257.426
19153.629
258.296
18881.094
257.742
18963.130
258.227
19144.696
258.619
19166.493
258.667
19076.332
257.711
19545.938
258.379
19261.631
257.418
19047.020
258.051
18984.414
257.824
19632.975
259.922
18785.733
257.542
18790.522
257.524
18893.168
257.724
18805.666
256.323
19002.388
257.271
19099.317
258.204
19077.620
256.621
18789.018
258.139
18703.080
256.114
18739.720
256.834
19121.240
257.956
18811.191
257.317
19083.607
258.765
18953.658
256.701
19102.103
257.679
18937.292
256.719
19092.207
257.922
18712.197
257.044
19033.494
257.713
18781.574
255.673
19151.028
257.693
19140.802
258.563
19304.407
258.395
18803.306
256.850
18892.932
257.210
18928.594
259.620
18865.018
257.354
19198.381
259.056
19304.731
259.093
19125.586
257.271
18957.944
257.111
19221.581
258.496
18789.909
257.045
19197.359
258.025
19098.553
258.615
19217.714
259.611
18864.571
257.258
18899.950
256.381
19084.422
257.865
18726.929
257.390
19050.315
257.962
19325.589
258.894
18719.327
256.311
19095.598
258.267
19260.463
259.183
18930.168
258.247
18618.256
256.333
19513.220
260.013
18701.634
256.766
18607.990
257.159
18758.412
256.053
18999.423
258.108
19031.088
256.505
19660.075
259.901
18837.427
255.771
18943.128
257.789
19032.598
257.185
19066.342
258.848
18979.858
258.109
18541.214
256.772
19206.952
258.444
19030.748
257.497
19153.032
258.260
18952.752
257.508
18989.621
256.676
18897.984
257.082
19125.333
258.977
19055.610
257.187
18726.794
255.901
18780.934
256.982
18747.993
257.235
18905.362
256.585
18924.540
257.896
19019.733
258.027
19224.619
256.985
19175.129
259.429
19042.402
257.616
18895.527
257.785
18871.221
256.422
19097.121
257.442
18910.785
256.872
18990.732
258.652
19324.053
258.878
19073.197
256.404
19532.459
258.304
18883.726
257.722
19238.155
259.035
18833.008
258.730
19116.334
257.732
19522.029
258.909
18601.677
256.102
19306.588
258.781
18896.641
257.959
19193.397
258.347
19063.240
258.298
19076.427
257.513
19035.368
256.998
18860.044
256.249
18655.889
257.302
18730.359
256.126
19081.412
258.043
18641.074
256.958
19124.285
257.744
19016.647
257.817
19381.335
258.825
18911.619
258.373
18953.938
256.789
19183.980
258.160
19397.926
259.356
19478.046
259.558
18951.043
257.403
19038.800
257.443
19057.187
257.921
18940.596
258.582
18923.991
257.414
18997.537
257.216
18833.838
257.527
18929.609
258.081
18833.703
257.287
19017.455
257.209
18516.732
255.386
18754.957
256.250
19283.059
258.448
19006.972
257.821
19137.763
256.813
19354.023
260.184
18980.827
257.712
18837.493
259.024
19011.854
257.289
19045.412
257.997
19138.053
259.301
18660.353
257.460
18816.272
257.566
18808.872
257.833
19335.267
258.566
19199.165
257.893
19305.643
259.202
19083.800
257.418
19121.877
257.911
18805.250
256.901
19159.179
258.906
19241.058
257.713
18892.817
257.043
18745.219
256.239
18963.377
257.747
19194.381
259.417
18972.248
258.406
18991.610
258.851
19094.694
257.367
18867.448
256.333
19192.646
258.926
18922.266
257.983
19152.752
257.624
19199.963
258.483
18995.369
258.115
19022.845
257.259
18987.548
256.882
19206.642
259.070
19218.693
258.138
18938.867
257.567
18915.800
257.455
19072.747
257.865
19222.883
258.203
19087.820
258.514
18623.313
256.079
19085.358
257.781
18827.878
257.335
18654.240
255.975
19359.310
259.193
18919.531
257.514
18908.846
256.884
19209.407
257.535
18857.354
258.161
19106.762
257.040
19312.679
259.105
18698.270
257.899
18689.285
257.252
19063.890
257.747
18827.856
257.211
18863.968
257.944
18860.837
256.513
19183.674
256.978
19039.971
258.197
19053.497
258.226
19057.847
257.195
18754.546
255.745
19043.648
257.348
19048.911
258.049
18887.748
257.356
18749.966
256.808
18891.597
257.664
19131.940
257.510
18809.885
257.349
18969.396
257.416
18958.804
258.240
18730.048
257.321
18796.243
257.278
18910.037
256.876
19391.936
257.309
18885.939
255.942
19207.729
258.875
19009.685
258.250
18742.360
256.522
19203.307
257.206
19054.162
257.948
19156.240
257.293
18843.381
257.300
19079.617
257.123
18816.897
257.050
19056.885
258.100
19031.367
257.579
19071.800
258.125
19129.955
258.237
18837.155
256.437
18972.142
257.799
19004.004
257.307
18543.021
256.254
19270.343
259.554
19296.134
258.413
19265.993
258.517
19249.915
258.073
18889.927
257.758
18548.848
256.785
19258.286
257.390
18840.383
257.042
19174.359
257.888
19146.395
258.682
19149.732
257.874
18840.490
257.711
19388.055
258.961
18975.898
257.290
19170.066
258.028
19100.970
258.753
19164.055
258.924
18830.182
257.538
19367.368
257.197
18913.977
256.533
19149.792
258.018
19169.308
258.272
18780.301
256.758
18987.896
257.103
19415.680
258.528
19041.383
256.502
19159.539
258.126
18938.579
257.159
19329.904
258.690
18586.979
256.332
19162.409
257.267
19227.142
257.382
18766.328
256.566
19038.438
258.229
18783.151
257.464
19045.938
257.838
18825.115
257.744
19294.318
258.140
18928.284
258.216
19160.293
257.741
19153.675
257.476
19222.498
257.461
19415.308
257.585
19270.113
258.301
19298.529
257.890
18809.189
256.485
19212.796
257.392
19209.814
258.310
19080.037
257.865
19227.755
257.288
18948.891
257.479
18917.566
257.804
19024.461
256.769
19459.289
259.369
18757.079
257.286
19018.177
257.236
18882.898
256.945
19326.204
257.046
18963.938
258.353
18858.671
258.047
19227.390
257.789
19095.009
258.968
18966.690
257.247
19065.093
258.419
19100.304
257.687
18920.989
257.511
18826.060
257.647
19559.941
258.824
18946.265
257.804
18984.700
257.955
18867.282
256.168
19045.949
257.669
18742.779
257.547
19050.070
256.789
18943.158
256.901
18998.441
257.069
19443.233
259.873
18784.467
257.314
18624.962
256.513
18883.184
257.569
19346.051
257.496
18964.515
258.571
19375.830
257.827
18744.603
256.136
18746.150
256.377
18574.337
255.482
18772.891
257.055
19170.500
258.223
18812.268
258.356
19108.451
258.320
19246.881
258.141
19057.979
257.974
19047.227
258.777
18881.421
256.123
19001.584
256.735
19424.275
258.956
19005.913
258.627
18490.820
256.898
18681.950
258.251
19259.883
257.385
19247.627
258.083
19007.539
257.291
19243.141
258.073
18762.653
257.395
18850.339
257.230
18937.591
257.663
18861.139
257.570
19364.358
258.412
19033.552
257.782
18992.316
257.436
18726.264
257.107
19219.666
258.876
19365.553
258.882
19317.009
257.503
19169.620
257.699
19380.008
258.248
19196.143
258.685
19065.443
257.941
19257.846
259.548
19358.563
258.475
18924.571
257.493
19409.078
258.587
18972.338
257.034
19112.351
258.085
19305.092
259.206
19128.568
258.091
18634.459
256.473
18819.185
257.180
19171.999
257.967
18892.676
258.455
18701.577
256.246
19299.835
258.362
19088.866
257.476
18751.881
256.636
19184.261
257.333
18753.071
256.438
19098.398
257.165
18960.492
257.348
19026.358
258.482
18954.279
257.573
19251.318
258.183
18822.883
258.205
19038.124
257.416
18993.551
257.745
19217.502
258.061
18999.418
258.083
18904.278
256.518
18857.993
257.017
18969.850
257.035
19120.008
256.879
18980.137
257.050
18794.297
257.587
18552.863
256.327
18902.437
256.792
18693.181
256.334
19219.137
256.573
19288.548
258.709
19200.725
258.315
19077.618
258.911
19021.824
257.694
18944.749
257.034
19032.527
257.334
19065.480
257.242
18987.120
257.860
19018.506
258.146
19076.017
257.673
19135.890
258.202
19019.002
258.074
18766.244
256.678
18464.294
255.751
19018.467
258.083
18724.376
256.265
18854.814
257.128
19117.170
258.433
18765.503
255.532
19224.361
258.715
18923.169
257.417
19094.799
257.414
19300.352
258.326
19094.520
257.368
19144.767
257.904
19189.721
258.495
18914.275
257.078
18716.192
257.259
19153.132
257.761
19137.982
258.008
19330.915
257.643
18851.783
256.672
19323.978
257.687
19037.778
257.151
18927.472
258.066
18706.979
256.715
18789.764
256.014
18777.527
258.290
18913.506
256.165
19048.441
258.519
19352.584
260.134
19259.579
258.495
18806.334
257.512
19013.919
257.041
18660.198
256.541
18744.986
255.904
18859.369
257.633
18994.742
258.295
19005.484
256.265
18919.236
258.615
19170.983
258.567
18769.871
257.445
19027.810
257.704
19192.756
258.283
19073.517
258.367
18971.930
257.894
19212.323
257.171
19519.655
259.635
19061.370
257.282
19311.765
258.996
19087.369
257.318
19072.327
257.475
18826.669
257.845
18938.112
258.161
18613.409
256.596
18963.619
257.654
18830.189
257.039
18764.272
257.517
19085.354
258.599
19146.523
258.288
19163.391
257.407
18877.577
259.439
18976.784
258.209
19187.597
258.239
19159.419
258.818
19232.798
257.340
18671.204
256.356
19251.530
257.377
19226.390
258.694
19106.605
257.614
18826.385
257.413
19165.956
257.926
18768.587
257.103
19121.363
259.256
18953.344
256.402
18953.408
257.913
19200.835
257.827
19215.879
258.599
19109.175
257.587
19308.027
258.274
18914.758
257.612
18877.324
256.079
18864.103
258.239
19248.982
258.269
18992.709
256.657
18939.261
257.884
19156.438
258.731
18780.474
255.859
18824.830
257.046
18871.375
257.862
18576.302
257.149
18830.287
257.101
18992.063
257.475
19169.767
258.110
19071.636
257.728
18863.094
257.766
18973.883
257.525
19200.193
257.636
18914.288
257.874
18996.902
256.803
19293.957
257.686
19207.251
259.008
18797.163
256.932
19370.046
259.400
19368.476
258.327
18487.258
256.654
19179.777
258.019
18547.367
256.369
18902.326
256.898
18604.416
256.199
18834.791
257.486
19533.796
258.800
19274.576
258.125
18676.474
257.315
19067.216
258.247
19059.071
258.362
19064.571
257.723
18963.958
257.621
19059.613
257.269
18956.162
257.164
18897.336
257.125
19015.187
256.624
18930.325
258.013
18833.834
257.743
19089.543
257.957
19026.288
257.245
19328.907
258.874
18931.918
257.952
18983.824
258.103
18968.883
257.990
19186.648
257.817
19540.326
258.091
18597.114
256.495
18894.659
256.921
18970.955
257.820
19155.080
257.496
19066.487
258.307
18938.040
258.212
19299.693
258.458
19027.789
256.948
19046.630
256.519
18984.997
257.856
18813.860
256.826
18836.692
256.524
19128.282
258.169
19320.869
257.402
18809.764
256.694
19170.817
258.200
19403.731
258.278
18981.534
259.121
19399.542
260.312
18838.069
256.957
19316.006
258.736
19048.217
256.829
19141.993
259.339
18946.934
257.605
18794.993
257.227
18809.534
257.010
19050.263
258.877
19259.360
258.823
18691.686
257.316
18991.297
257.804
19326.176
258.730
18815.762
256.493
18845.716
256.537
18840.620
256.809
19023.223
257.707
18940.269
257.928
19136.729
257.692
19298.427
258.545
18850.061
256.665
19241.373
257.971
18629.695
258.169
18933.742
256.922
18990.510
257.477
19149.517
257.833
18887.512
256.418
18869.747
257.351
19005.481
257.595
18926.469
257.397
18706.397
257.091
18880.154
256.179
18806.824
257.458
18524.791
256.754
18932.384
257.995
19405.384
258.173
19534.472
258.898
18886.637
256.704
18859.763
256.173
19196.211
258.129
18792.930
257.107
19218.215
257.953
