19067.453
258.239
18742.650
258.405
19170.848
257.742
19203.657
257.437
19051.729
257.757
18660.867
256.934
19024.446
258.022
19348.843
258.277
19102.445
257.994
19246.737
258.010
18747.912
258.653
18899.857
258.060
19315.647
258.612
19462.193
257.608
19387.239
258.525
19070.254
256.457
18609.962
255.848
19153.758
258.048
19054.621
257.923
19030.265
257.531
18885.662
257.364
18664.988
257.302
18960.552
258.176
19389.043
258.135
18665.531
257.372
19254.738
258.236
19305.139
258.300
18904.435
257.668
18889.632
257.918
18851.651
257.512
19100.670
257.161
19252.581
257.817
18924.603
258.045
18828.502
256.681
19494.644
259.511
18911.809
257.044
18930.780
257.710
19047.239
257.613
19159.379
257.965
19154.694
257.419
18961.278
257.842
19126.602
258.513
18840.627
256.106
19062.234
257.274
19344.329
257.910
18929.296
257.955
18762.120
257.692
19515.240
258.841
19207.887
259.221
19318.753
258.458
18967.366
257.222
19427.147
259.354
18543.323
257.289
18724.059
257.280
19300.619
257.720
18988.804
257.947
19178.089
257.081
19126.366
258.657
19024.695
258.685
18447.747
255.413
18733.048
256.697
19113.686
258.660
18931.703
257.071
19262.369
257.725
19207.470
257.154
19256.010
257.415
19072.804
258.676
19175.099
258.963
19016.937
257.786
19083.688
257.614
19065.897
257.421
18968.686
258.962
19147.854
257.226
19171.201
256.111
19206.717
257.777
18990.406
257.251
19061.193
257.230
19073.041
258.760
18738.715
257.594
19050.067
258.292
19055.709
258.064
19120.106
257.816
18811.198
257.634
18877.519
256.870
19163.270
259.614
19309.121
259.207
18526.725
256.659
19044.257
256.914
18870.401
256.821
18792.041
257.319
18752.048
258.147
19124.420
258.112
18976.422
257.082
18705.458
257.354
19045.790
257.944
19200.339
258.371
19080.265
257.634
18863.770
256.855
18618.722
255.879
18980.315
256.779
